800	3777.3977
800.85229	3794.8997
801.70453	3806.8872
802.55682	3780.0708
803.40912	3755.5615
804.26135	3786.436
805.11365	3818.6343
805.96588	3849.9319
806.81818	3877.0171
807.67047	3865.8086
808.52271	3847.1252
809.375	3846.5461
810.22729	3857.0574
811.07953	3860.823
811.93182	3858.0198
812.78412	3854.2505
813.63635	3848.8762
814.48865	3844.0205
815.34088	3835.1389
816.19318	3828.9512
817.04547	3845.9866
817.89771	3860.8853
818.75	3872.6238
819.60229	3885.4839
820.45453	3884.7253
821.30682	3879.1125
822.15912	3868.8098
823.01135	3855.2434
823.86365	3847.6785
824.71588	3844.4028
825.56818	3844.467
826.42047	3852.6572
827.27271	3857.9998
828.125	3863.1489
828.97729	3875.2747
829.82953	3900.677
830.68182	3919.7744
831.53412	3896.5964
832.38635	3872.0129
833.23865	3878.9548
834.09088	3887.8538
834.94318	3878.0542
835.79547	3867.5139
836.64771	3883.2925
837.5	3909.7734
838.35229	3915.3147
839.20453	3893.9919
840.05682	3879.811
840.90912	3900.6704
841.76135	3922.7292
842.61365	3913.5864
843.46588	3901.2896
844.31818	3893.5281
845.17047	3886.0225
846.02271	3892.5293
846.875	3897.9231
847.72729	3907.9436
848.57953	3914.5105
849.43182	3909.4014
850.28412	3911.2788
851.13635	3912.1365
851.98865	3903.9194
852.84088	3907.0127
853.69318	3922.9709
854.54547	3931.7058
855.39771	3933.3579
856.25	3936.4619
857.10229	3939.9836
857.95453	3942.8137
858.80682	3940.8987
859.65912	3937.376
860.51135	3928.6133
861.36365	3916.6348
862.21588	3924.0911
863.06818	3943.8237
863.92047	3944.9084
864.77271	3934.3215
865.625	3935.165
866.47729	3943.8601
867.32953	3953.2451
868.18182	3962.6482
869.03412	3969.811
869.88635	3965.8145
870.73865	3958.623
871.59088	3966.1174
872.44318	3973.7996
873.29547	3977.1187
874.14771	3977.3586
875	3991.748
875.85229	4007.979
876.70453	4002.386
877.55682	3992.0327
878.40912	3995.5417
879.26135	4009.6616
880.11365	4019.562
880.96588	4016.0313
881.81818	4008.2231
882.67047	4006.5618
883.52271	4011.2515
884.375	4015.481
885.22729	4013.8328
886.07953	4017.4983
886.93182	4021.9414
887.78412	4019.9443
888.63635	4013.8198
889.48865	4028.2886
890.34088	4043.6311
891.19318	4053.7383
892.04547	4069.543
892.89771	4060.1533
893.75	4034.4629
894.60229	4031.2654
895.45453	4047.7671
896.30682	4050.1597
897.15912	4042.3545
898.01135	4044.2178
898.86365	4041.1311
899.71588	4042.3435
900.56818	4084.3286
901.42047	4118.582
902.27271	4108.0063
903.125	4096.4658
903.97729	4085.1328
904.82953	4069.5508
905.68182	4095.4136
906.53412	4131.5225
907.38635	4120.8789
908.23865	4085.928
909.09088	4080.3091
909.94318	4099.4409
910.79547	4102.4653
911.64771	4087.1152
912.5	4073.7834
913.35229	4068.3411
914.20453	4074.2651
915.05682	4100.7236
915.90912	4118.4185
916.76135	4112.2158
917.61365	4107.8882
918.46588	4120.8584
919.31818	4131.9824
920.17047	4105.3379
921.02271	4079.813
921.875	4095.5378
922.72729	4119.8896
923.57953	4128.1396
924.43182	4123.4043
925.28412	4110.8516
926.13635	4101.6274
926.98865	4117.4131
927.84088	4150.1016
928.69318	4159.127
929.54547	4130.4854
930.39771	4108.3369
931.25	4119.2231
932.10229	4132.6074
932.95453	4156.7407
933.80682	4178.9575
934.65912	4180.4551
935.51135	4179.0342
936.36365	4146.5649
937.21588	4114.3242
938.06818	4121.064
938.92047	4133.6128
939.77271	4154.4121
940.625	4180.0229
941.47729	4182.709
942.32953	4174.6636
943.18182	4166.8433
944.03412	4150.7217
944.88635	4138.8696
945.73865	4143.1455
946.59088	4152.8105
947.44318	4173.6899
948.29547	4190.9067
949.14771	4171.0957
950	4149.4551
950.85229	4173.5791
951.70453	4204.8853
952.55682	4210.7373
953.40912	4206.6963
954.26135	4203.8628
955.11365	4201.2578
955.96588	4203.874
956.81818	4213.3774
957.67047	4209.2168
958.52271	4189.9849
959.375	4181.0063
960.22729	4185.0405
961.07953	4182.5376
961.93182	4165.2007
962.78412	4156.5039
963.63635	4188.5908
964.48865	4218.0234
965.34088	4235.3633
966.19318	4251.6021
967.04547	4232.0601
967.89771	4208.8354
968.75	4217.8413
969.60229	4230.2124
970.45453	4241.4609
971.30682	4254.5337
972.15912	4252.9663
973.01135	4246.3022
973.86365	4236.9126
974.71588	4228.8115
975.56818	4242.5503
976.42047	4263.4688
977.27271	4268.3623
978.125	4264.5474
978.97729	4267.1626
979.82953	4280.9717
980.68182	4292.5278
981.53412	4292.2896
982.38635	4292.23
983.23865	4306.5576
984.09088	4320.1943
984.94318	4315.1196
985.79547	4307.2056
986.64771	4321.2344
987.5	4338.1577
988.35229	4338.312
989.20453	4334.2666
990.05682	4325.2183
990.90912	4319.9893
991.76135	4329.019
992.61365	4341.1826
993.46588	4342.9941
994.31818	4341.3135
995.17047	4337.7515
996.02271	4322.2456
996.875	4315.248
997.72729	4330.0435
998.57953	4343.1641
999.43182	4350.7969
1000.2841	4361.1704
1001.1364	4380.2529
1001.9886	4397.7739
1002.8409	4393.9829
1003.6932	4387.3271
1004.5455	4393.7715
1005.3977	4404.9771
1006.25	4395.9253
1007.1023	4379.6895
1007.9545	4374.4263
1008.8068	4372.0371
1009.6591	4380.2905
1010.5114	4395.8115
1011.3636	4403.9282
1012.2159	4408.709
1013.0682	4424.3989
1013.9205	4447.0938
1014.7727	4440.0947
1015.625	4390.3628
1016.4773	4363.0811
1017.3295	4385.0713
1018.1818	4409.2422
1019.0341	4435.0757
1019.8864	4453.4805
1020.7386	4429.1221
1021.5909	4402.2085
1022.4432	4385.6235
1023.2955	4372.4883
1024.1477	4394.3286
1025	4414.9121
1025.8523	4428.9688
1026.7046	4439.75
1027.5568	4437.1968
1028.4091	4437.2056
1029.2614	4438.5029
1030.1136	4435.3896
1030.9659	4417.3101
1031.8182	4389.5249
1032.6704	4393.2822
1033.5227	4432.5684
1034.375	4449.7915
1035.2273	4441.1558
1036.0796	4435.5103
1036.9318	4422.8076
1037.7841	4414.5239
1038.6364	4424.5845
1039.4886	4437.542
1040.3409	4456.4829
1041.1932	4468.8105
1042.0454	4457.2295
1042.8977	4447.7109
1043.75	4451.8516
1044.6023	4453.3403
1045.4546	4434.3452
1046.3068	4413.9658
1047.1591	4421.1724
1048.0114	4436.7676
1048.8636	4439.5015
1049.7159	4430.3818
1050.5682	4441.938
1051.4204	4472.166
1052.2727	4495.5483
1053.125	4511.1533
1053.9773	4496.3208
1054.8296	4449.4961
1055.6818	4436.6196
1056.5341	4473.6064
1057.3864	4488.9126
1058.2386	4469.2168
1059.0909	4458.2607
1059.9432	4451.0537
1060.7954	4444.561
1061.6477	4467.6313
1062.5	4487.3911
1063.3523	4483.7847
1064.2046	4482.3711
1065.0568	4504.4438
1065.9091	4523.5049
1066.7614	4506.6963
1067.6136	4492.752
1068.4659	4498.2671
1069.3182	4499.23
1070.1704	4516.918
1071.0227	4547.9478
1071.875	4551.4551
1072.7273	4533.4111
1073.5796	4529.0815
1074.4318	4540.3921
1075.2841	4546.7925
1076.1364	4551.3647
1076.9886	4548.5576
1077.8409	4528.8184
1078.6932	4534.0757
1079.5454	4588.731
1080.3977	4623.96
1081.25	4610.2334
1082.1023	4602.4487
1082.9546	4607.9883
1083.8068	4613.4146
1084.6591	4627.146
1085.5114	4640.4575
1086.3636	4653.4312
1087.2159	4663.8325
1088.0682	4641.9434
1088.9204	4617.6641
1089.7727	4612.3486
1090.625	4610.9028
1091.4773	4633.1929
1092.3296	4654.1685
1093.1818	4663.9683
1094.0341	4673.1313
1094.8864	4691.897
1095.7386	4713.3638
1096.5909	4702.248
1097.4432	4672.5767
1098.2954	4666.0088
1099.1477	4680.728
1100	4694.2637
1100.8523	4712.123
1101.7046	4727.8604
1102.5568	4723.2749
1103.4091	4724.8833
1104.2614	4740.5747
1105.1136	4747.7261
1105.9659	4766.0576
1106.8182	4786.5737
1107.6704	4776.9131
1108.5227	4770.7954
1109.375	4780.4722
1110.2273	4786.9946
1111.0796	4779.9043
1111.9318	4774.4497
1112.7841	4794.4014
1113.6364	4814.0791
1114.4886	4808.7578
1115.3409	4805.1323
1116.1932	4802.7168
1117.0454	4798.8491
1117.8977	4794.6094
1118.75	4793.4004
1119.6023	4810.8916
1120.4546	4832.9097
1121.3068	4855.8433
1122.1591	4874.9512
1123.0114	4869.6431
1123.8636	4853.9185
1124.7159	4845.5605
1125.5682	4838.7852
1126.4204	4849.5454
1127.2727	4876.6504
1128.125	4890.0425
1128.9773	4894.6348
1129.8296	4898.5581
1130.6818	4891.0435
1131.5341	4892.2573
1132.3864	4926.4009
1133.2386	4955.0444
1134.0909	4946.5669
1134.9432	4934.9663
1135.7954	4924.7764
1136.6477	4917.9512
1137.5	4935.2046
1138.3523	4953.1797
1139.2046	4965.2041
1140.0568	4974.1284
1140.9091	4981.6548
1141.7614	4993.5327
1142.6136	4983.2603
1143.4659	4970.6543
1144.3182	4998.8496
1145.1704	5028.9561
1146.0227	5045.8442
1146.875	5063.8032
1147.7273	5074.3345
1148.5796	5082.3394
1149.4318	5078.04
1150.2841	5062.5068
1151.1364	5044.5225
1151.9886	5033.8584
1152.8409	5052.1812
1153.6932	5089.0737
1154.5454	5114.0703
1155.3977	5125.0068
1156.25	5124.8271
1157.1023	5113.9048
1157.9546	5114.0464
1158.8068	5124.0029
1159.6591	5132.7915
1160.5114	5151.9873
1161.3636	5166.7256
1162.2159	5155.7837
1163.0682	5148.3237
1163.9204	5152.4536
1164.7727	5154.8267
1165.625	5160.8696
1166.4773	5166.5103
1167.3296	5179.4263
1168.1818	5192.5342
1169.0341	5195.4038
1169.8864	5197.9717
1170.7386	5205.7241
1171.5909	5207.9331
1172.4432	5209.792
1173.2954	5215.3872
1174.1477	5200.8301
1175	5182.3398
1175.8523	5211.981
1176.7046	5258.9961
1177.5568	5274.3628
1178.4091	5270.9551
1179.2614	5271.6064
1180.1136	5283.5244
1180.9659	5315.0034
1181.8182	5347.6279
1182.6704	5338.6123
1183.5227	5306.1929
1184.375	5287.5698
1185.2273	5275.3799
1186.0796	5284.6475
1186.9318	5319.7275
1187.7841	5339.8071
1188.6364	5347.3696
1189.4886	5365.4805
1190.3409	5392.2866
1191.1932	5406.5303
1192.0454	5400.4292
1192.8977	5394.1338
1193.75	5382.1875
1194.6023	5379.8057
1195.4546	5413.7222
1196.3068	5442.0811
1197.1591	5404.9673
1198.0114	5370.7397
1198.8636	5393.7021
1199.7159	5414.6587
1200.5682	5428.5723
1201.4204	5443.5903
1202.2727	5429.6021
1203.125	5412.9424
1203.9773	5438.1714
1204.8296	5464.96
1205.6818	5503.6855
1206.5341	5546.436
1207.3864	5520.7686
1208.2386	5485.8438
1209.0909	5522.8589
1209.9432	5575.6719
1210.7954	5580.9849
1211.6477	5567.7954
1212.5	5569.2534
1213.3523	5589.3091
1214.2046	5611.3818
1215.0568	5618.2456
1215.9091	5610.2041
1216.7614	5599.4443
1217.6136	5620.1436
1218.4659	5661.9771
1219.3182	5680.207
1220.1704	5674.0757
1221.0227	5675.4902
1221.875	5693.8525
1222.7273	5706.3081
1223.5796	5714.3794
1224.4318	5727.9268
1225.2841	5738.7041
1226.1364	5746.8799
1226.9886	5751.2935
1227.8409	5755.6567
1228.6932	5770.3584
1229.5454	5787.0459
1230.3977	5795.8672
1231.25	5800.6572
1232.1023	5818.7642
1232.9546	5842.896
1233.8068	5834.0439
1234.6591	5819.647
1235.5114	5836.812
1236.3636	5856.8188
1237.2159	5876.5459
1238.0682	5895.0117
1238.9204	5884.3213
1239.7727	5874.3931
1240.625	5914.1763
1241.4773	5956.4404
1242.3296	5974.3105
1243.1818	5988.3931
1244.0341	5983.9146
1244.8864	5981.1812
1245.7386	5994.231
1246.5909	6001.104
1247.4432	5988.6509
1248.2954	5981.769
1249.1477	5987.2866
1250	5992.1943
1250.8523	5993.1948
1251.7046	5994.6689
1252.5568	6046.0068
1253.4091	6104.4678
1254.2614	6099.3374
1255.1136	6086.1064
1255.9659	6109.062
1256.8182	6133.3921
1257.6704	6145.1094
1258.5227	6160.104
1259.375	6164.9263
1260.2273	6160.2578
1261.0796	6164.8203
1261.9318	6172.9229
1262.7841	6162.771
1263.6364	6143.3418
1264.4886	6158.8989
1265.3409	6194.8164
1266.1932	6202.9248
1267.0454	6201.4507
1267.8977	6205.1929
1268.75	6200.7744
1269.6023	6209.3618
1270.4546	6239.8623
1271.3068	6254.9971
1272.1591	6245.8887
1273.0114	6246.3135
1273.8636	6260.3491
1274.7159	6266.0947
1275.5682	6276.687
1276.4204	6294.1187
1277.2727	6291.1885
1278.125	6287.8955
1278.9773	6305.1357
1279.8296	6316.8379
1280.6818	6308.2134
1281.5341	6298.3081
1282.3864	6284.0132
1283.2386	6274.1968
1284.0909	6298.6016
1284.9432	6325.752
1285.7954	6351.1479
1286.6477	6373.5049
1287.5	6342.9268
1288.3523	6315.7324
1289.2046	6331.146
1290.0568	6342.9009
1290.9091	6361.0342
1291.7614	6381.0088
1292.6136	6375.6045
1293.4659	6365.709
1294.3182	6348.1245
1295.1704	6335.5791
1296.0227	6357.1338
1296.875	6376.9824
1297.7273	6388.5054
1298.5796	6400.7632
1299.4318	6389.8926
1300.2841	6376.499
1301.1364	6375.9331
1301.9886	6375.0376
1302.8409	6400.6514
1303.6932	6430.5415
1304.5454	6458.2915
1305.3977	6483.2466
1306.25	6453.5239
1307.1023	6422.8809
1307.9546	6412.4624
1308.8068	6404.5542
1309.6591	6441.8745
1310.5114	6485.8789
1311.3636	6501.7178
1312.2159	6508.8892
1313.0682	6517.1592
1313.9204	6526.0615
1314.7727	6530.0151
1315.625	6531.5
1316.4773	6551.8672
1317.3296	6579.3281
1318.1818	6562.6343
1319.0341	6534.4248
1319.8864	6562.1421
1320.7386	6606.6904
1321.5909	6615.4253
1322.4432	6616.416
1323.2954	6656.0405
1324.1477	6702.8354
1325	6691.3213
1325.8523	6658.3848
1326.7046	6649.2222
1327.5568	6649.2222
1328.4091	6655.5728
1329.2614	6668.7036
1330.1136	6707.2759
1330.9659	6753.6113
1331.8182	6767.8232
1332.6704	6770.5498
1333.5227	6770.6558
1334.375	6761.4849
1335.2273	6775.6055
1336.0796	6816.5127
1336.9318	6824.4229
1337.7841	6801.8584
1338.6364	6805.2817
1339.4886	6830.5781
1340.3409	6833.2861
1341.1932	6816.3931
1342.0454	6828.6973
1342.8977	6856.9824
1343.75	6867.6113
1344.6023	6875.8188
1345.4546	6871.1387
1346.3068	6846.8135
1347.1591	6848.1816
1348.0114	6875.4883
1348.8636	6900.6143
1349.7159	6926.1904
1350.5682	6938.2524
1351.4204	6936.2656
1352.2727	6941.8076
1353.125	6953.2451
1353.9773	6968.0615
1354.8296	6978.7456
1355.6818	6983.126
1356.5341	7001.7935
1357.3864	7018.8594
1358.2386	7017.6167
1359.0909	7007.1392
1359.9432	6986.7544
1360.7954	6979.437
1361.6477	6991.3721
1362.5	7000.8145
1363.3523	6998.3364
1364.2046	6987.4346
1365.0568	6973.0166
1365.9091	6965.7612
1366.7614	6963.2739
1367.6136	6963.2495
1368.4659	6966.981
1369.3182	6968.5225
1370.1704	6961.8101
1371.0227	6959.4868
1371.875	6974.6719
1372.7273	6969.8174
1373.5796	6931.9751
1374.4318	6921.041
1375.2841	6941.7085
1376.1364	6939.0293
1376.9886	6932.0024
1377.8409	6940.686
1378.6932	6952.6411
1379.5454	6963.9463
1380.3977	6966.6865
1381.25	6966.1138
1382.1023	6957.8911
1382.9546	6954.438
1383.8068	6977.3848
1384.6591	6988.8677
1385.5114	6949.7031
1386.3636	6907.5527
1387.2159	6871.4009
1388.0682	6841.3125
1388.9204	6823.3467
1389.7727	6808.2144
1390.625	6811.9619
1391.4773	6823.0073
1392.3296	6847.9541
1393.1818	6856.4277
1394.0341	6797.2568
1394.8864	6743.0103
1395.7386	6732.7871
1396.5909	6727.9429
1397.4432	6753.9038
1398.2954	6778.7441
1399.1477	6746.041
1400	6715.1953
1400.8523	6741.9399
1401.7046	6767.2905
1402.5568	6781.5273
1403.4091	6795.8545
1404.2614	6781.5986
1405.1136	6759.5742
1405.9659	6727.8442
1406.8182	6702.7593
1407.6704	6694.0103
1408.5227	6694.9341
1409.375	6724.9214
1410.2273	6734.3921
1411.0796	6689.1421
1411.9318	6656.9063
1412.7841	6650.6475
1413.6364	6640.5879
1414.4886	6627.833
1415.3409	6614.7969
1416.1932	6608.7866
1417.0454	6607.2422
1417.8977	6610.7451
1418.75	6612.9868
1419.6023	6628
1420.4546	6640.8335
1421.3068	6627.8091
1422.1591	6619.04
1423.0114	6627.812
1423.8636	6629.6123
1424.7159	6607.0693
1425.5682	6590.2617
1426.4204	6590.2676
1427.2727	6590.1836
1428.125	6587.6689
1428.9773	6577.876
1429.8296	6569.8311
1430.6818	6564.5762
1431.5341	6558.0693
1432.3864	6552.1802
1433.2386	6521.855
1434.0909	6498.7539
1434.9432	6490.9497
1435.7954	6477.5933
1436.6477	6500.3916
1437.5	6525.3657
1438.3523	6513.5552
1439.2046	6497.3003
1440.0568	6486.001
1440.9091	6483.9336
1441.7614	6513.2827
1442.6136	6529.8315
1443.4659	6484.1147
1444.3182	6432.6138
1445.1704	6401.2461
1446.0227	6383.478
1446.875	6384.2319
1447.7273	6389.2061
1448.5796	6402.7749
1449.4318	6415.4375
1450.2841	6421.2046
1451.1364	6417.8042
1451.9886	6411.2666
1452.8409	6418.9873
1453.6932	6430.2886
1454.5454	6424.7134
1455.3977	6403.333
1456.25	6407.6748
1457.1023	6461.23
1457.9546	6467.3818
1458.8068	6380.6377
1459.6591	6331.2295
1460.5114	6351.1113
1461.3636	6369.3091
1462.2159	6387.1655
1463.0682	6393.0991
1463.9204	6375.9902
1464.7727	6350.8154
1465.625	6314.5557
1466.4773	6295.2139
1467.3296	6294.9717
1468.1818	6298.8521
1469.0341	6320.0127
1469.8864	6330.4521
1470.7386	6315.335
1471.5909	6316.3696
1472.4432	6337.7891
1473.2954	6357.2622
1474.1477	6376.1475
1475	6391.6177
1475.8523	6400.4395
1476.7046	6386.9258
1477.5568	6361.459
1478.4091	6358.0781
1479.2614	6370.1772
1480.1136	6383.8589
1480.9659	6397.4648
1481.8182	6406.3271
1482.6704	6412.8867
1483.5227	6397.6689
1484.375	6373.6978
1485.2273	6376.1006
1486.0796	6383.937
1486.9318	6379.0767
1487.7841	6371.0054
1488.6364	6359.9849
1489.4886	6351.9072
1490.3409	6351.627
1491.1932	6343.7988
1492.0454	6330.769
1492.8977	6325.457
1493.75	6367.7622
1494.6023	6431.8862
1495.4546	6458.46
1496.3068	6463.2603
1497.1591	6452.0396
1498.0114	6437.3818
1498.8636	6409.9102
1499.7159	6377.3052
1500.5682	6406.5942
1501.4204	6461.4517
1502.2727	6487.4771
1503.125	6501.6245
1503.9773	6482.6797
1504.8296	6447.2686
1505.6818	6469.0283
1506.5341	6509.2446
1507.3864	6496.4492
1508.2386	6475.1987
1509.0909	6459.7266
1509.9432	6445.0498
1510.7954	6457.7036
1511.6477	6470.1973
1512.5	6467.688
1513.3523	6467.5508
1514.2046	6501.7334
1515.0568	6533.8213
1515.9091	6539.8506
1516.7614	6553.3398
1517.6136	6578.8799
1518.4659	6592.6929
1519.3182	6558.979
1520.1704	6531.6226
1521.0227	6566.5361
1521.875	6595.9873
1522.7273	6578.9663
1523.5796	6571.3936
1524.4318	6585.3589
1525.2841	6598.6729
1526.1364	6660.8721
1526.9886	6706.1128
1527.8409	6654.6401
1528.6932	6613.8003
1529.5454	6628.2568
1530.3977	6649.1025
1531.25	6685.6279
1532.1023	6717.9888
1532.9546	6740.3145
1533.8068	6756.7344
1534.6591	6733.8975
1535.5114	6716.0669
1536.3636	6740.9424
1537.2159	6764.0571
1538.0682	6760.7588
1538.9204	6769.2769
1539.7727	6809.1382
1540.625	6817.9131
1541.4773	6794.8042
1542.3296	6807.9624
1543.1818	6839.9634
1544.0341	6856.1245
1544.8864	6875.1792
1545.7386	6895.0273
1546.5909	6898.585
1547.4432	6908.5474
1548.2954	6933.9614
1549.1477	6956.8994
1550	6977.7417
1550.8523	6987.7764
1551.7046	6991.8447
1552.5568	7020.5684
1553.4091	7066.8472
1554.2614	7103.2407
1555.1136	7126.6382
1555.9659	7147.374
1556.8182	7171.2842
1557.6704	7176.1997
1558.5227	7177.4551
1559.375	7230.6831
1560.2273	7295.3467
1561.0796	7304.3184
1561.9318	7295.6655
1562.7841	7316.4556
1563.6364	7350.5688
1564.4886	7402.5903
1565.3409	7453.0015
1566.1932	7478.085
1567.0454	7503.7964
1567.8977	7511.7339
1568.75	7512.1768
1569.6023	7555.084
1570.4546	7603.312
1571.3068	7629.6777
1572.1591	7654.7236
1573.0114	7690.4663
1573.8636	7734.3755
1574.7159	7778.3062
1575.5682	7811.541
1576.4204	7842.6299
1577.2727	7866.8213
1578.125	7843.3623
1578.9773	7839.436
1579.8296	7919.8252
1580.6818	7982.624
1581.5341	7997.9492
1582.3864	8023.0811
1583.2386	8076.4023
1584.0909	8114.3071
1584.9432	8113.0308
1585.7954	8131.6616
1586.6477	8176.3257
1587.5	8214.8379
1588.3523	8247.0391
1589.2046	8261.7432
1590.0568	8259.1914
1590.9091	8267.8721
1591.7614	8283.1963
1592.6136	8286.2637
1593.4659	8278.8574
1594.3182	8269.9678
1595.1704	8265.876
1596.0227	8298.5
1596.875	8345.2588
1597.7273	8364.8193
1598.5796	8381.1768
1599.4318	8399.7393
1600.2841	8413.8066
1601.1364	8390.3984
1601.9886	8351.252
1602.8409	8360.6631
1603.6932	8383.6768
1604.5454	8378.9824
1605.3977	8375.124
1606.25	8375.8291
1607.1023	8371.1387
1607.9546	8347.3926
1608.8068	8325.3594
1609.6591	8308.0107
1610.5114	8283.2383
1611.3636	8249.8389
1612.2159	8216.8193
1613.0682	8170.6064
1613.9204	8133.2651
1614.7727	8126.0654
1615.625	8108.4736
1616.4773	8059.7935
1617.3296	8011.9116
1618.1818	7955.0503
1619.0341	7891.2627
1619.8864	7823.2949
1620.7386	7763.9121
1621.5909	7706.772
1622.4432	7654.9092
1623.2954	7616.7056
1624.1477	7574.0474
1625	7539.4473
1625.8523	7505.4893
1626.7046	7459.3428
1627.5568	7393.375
1628.4091	7306.8579
1629.2614	7254.7505
1630.1136	7236.2852
1630.9659	7203.1592
1631.8182	7164.8921
1632.6704	7125.1465
1633.5227	7073.3213
1634.375	7036.8364
1635.2273	7014.9976
1636.0796	6967.8477
1636.9318	6904.1382
1637.7841	6858.8252
1638.6364	6825.9341
1639.4886	6822.3872
1640.3409	6815.4722
1641.1932	6778.188
1642.0454	6738.9976
1642.8977	6702.4658
1643.75	6671.3252
1644.6023	6658.2319
1645.4546	6648.7715
1646.3068	6627.3584
1647.1591	6610.8882
1648.0114	6620.4292
1648.8636	6611.2173
1649.7159	6579.3569
1650.5682	6564.0361
1651.4204	6556.5718
1652.2727	6538.6875
1653.125	6519.917
1653.9773	6506.1221
1654.8296	6503.5469
1655.6818	6527.5654
1656.5341	6577.7266
1657.3864	6588.8438
1658.2386	6560.5103
1659.0909	6509.3926
1659.9432	6443.2056
1660.7954	6426.644
1661.6477	6436.9365
1662.5	6441.3926
1663.3523	6443.7119
1664.2046	6443.2993
1665.0568	6443.5571
1665.9091	6452.7451
1666.7614	6460.9956
1667.6136	6452.9497
1668.4659	6446.3862
1669.3182	6465.0083
1670.1704	6481.3911
1671.0227	6461.1479
1671.875	6443.8926
1672.7273	6463.4619
1673.5796	6477.9072
1674.4318	6454.4004
1675.2841	6435.353
1676.1364	6454.1943
1676.9886	6463.168
1677.8409	6429.8809
1678.6932	6413.5977
1679.5454	6435.2632
1680.3977	6451.9707
1681.25	6463.0762
1682.1023	6465.9385
1682.9546	6460.5107
1683.8068	6465.0171
1684.6591	6477.6675
1685.5114	6475.4482
1686.3636	6454.5181
1687.2159	6453.272
1688.0682	6471.1045
1688.9204	6458.2246
1689.7727	6431.3721
1690.625	6457.6211
1691.4773	6504.6782
1692.3296	6495.9204
1693.1818	6467.7344
1694.0341	6461.2827
1694.8864	6463.2295
1695.7386	6477.0107
1696.5909	6490.1729
1697.4432	6495.1631
1698.2954	6494.624
1699.1477	6492.373
1700	6490.6504
1700.8523	6492.0625
1701.7046	6499.9214
1702.5568	6523.9912
1703.4091	6548.582
1704.2614	6570.8247
1705.1136	6566.0361
1705.9659	6515.7954
1706.8182	6494.5103
1707.6704	6507.2021
1708.5227	6513.8594
1709.375	6518.5229
1710.2273	6514.4282
1711.0796	6511.5796
1711.9318	6535.0039
1712.7841	6563.772
1713.6364	6574.6753
1714.4886	6583.2314
1715.3409	6593.7061
1716.1932	6602.0039
1717.0454	6579.7446
1717.8977	6552
1718.75	6554.3926
1719.6023	6557.106
1720.4546	6517.4038
1721.3068	6478.8291
1722.1591	6497.8916
1723.0114	6517.564
1723.8636	6535.0664
1724.7159	6543.6074
1725.5682	6513.25
1726.4204	6494.3149
1727.2727	6512.4863
1728.125	6542.0547
1728.9773	6576.0229
1729.8296	6582.4634
1730.6818	6567.4019
1731.5341	6561.4272
1732.3864	6567.1411
1733.2386	6568.6338
1734.0909	6546.5479
1734.9432	6532.4248
1735.7954	6539.7002
1736.6477	6547.6943
1737.5	6548.2129
1738.3523	6558.9438
1739.2046	6576.3594
1740.0568	6549.5181
1740.9091	6515.6099
1741.7614	6554.6943
1742.6136	6592.8843
1743.4659	6624.7148
1744.3182	6650.2778
1745.1704	6606.9458
1746.0227	6575.4355
1746.875	6577.7769
1747.7273	6575.7759
1748.5796	6584.8843
1749.4318	6606.4639
1750.2841	6644.7236
1751.1364	6655.7183
1751.9886	6627.3442
1752.8409	6612.1274
1753.6932	6612.9082
1754.5454	6598.5356
1755.3977	6570.9331
1756.25	6585.207
1757.1023	6626.1006
1757.9546	6638.4668
1758.8068	6633.2666
1759.6591	6623.6855
1760.5114	6618.7417
1761.3636	6617.7119
1762.2159	6610.8945
1763.0682	6631.3003
1763.9204	6659.3062
1764.7727	6629.3628
1765.625	6595.5015
1766.4773	6593.0112
1767.3296	6599.1982
1768.1818	6650.5767
1769.0341	6693.3477
1769.8864	6703.52
1770.7386	6698.4146
1771.5909	6669.7153
1772.4432	6666.2178
1773.2954	6693.377
1774.1477	6704.4609
1775	6709.1797
1775.8523	6706.8872
1776.7046	6692.7915
1777.5568	6689.3198
1778.4091	6686.708
1779.2614	6676.3799
1780.1136	6665.9341
1780.9659	6665.5864
1781.8182	6671.5117
1782.6704	6662.2271
1783.5227	6655.7427
1784.375	6695.2998
1785.2273	6725.1475
1786.0796	6670.271
1786.9318	6633.4272
1787.7841	6640.7456
1788.6364	6641.8916
1789.4886	6655.7373
1790.3409	6669.2734
1791.1932	6664.8091
1792.0454	6667.0234
1792.8977	6685.5923
1793.75	6691.0361
1794.6023	6683.7119
1795.4546	6697.7866
1796.3068	6723.4414
1797.1591	6719.6035
1798.0114	6704.1509
1798.8636	6687.3032
1799.7159	6671.6226
1800.5682	6692.0894
1801.4204	6716.0796
1802.2727	6690.3657
1803.125	6669.4111
1803.9773	6697.3276
1804.8296	6715.1113
1805.6818	6717.2065
1806.5341	6721.5186
1807.3864	6727.0269
1808.2386	6742.3457
1809.0909	6774.8359
1809.9432	6777.0718
1810.7954	6745.6265
1811.6477	6722.1265
1812.5	6699.2954
1813.3523	6713.645
1814.2046	6748.7734
1815.0568	6741.228
1815.9091	6724.9722
1816.7614	6701.7813
1817.6136	6667.9937
1818.4659	6678.7627
1819.3182	6705.8735
1820.1704	6702.3008
1821.0227	6698.2935
1821.875	6740.8198
1822.7273	6759.6128
1823.5796	6707.9121
1824.4318	6689.5361
1825.2841	6726.5894
1826.1364	6717.7314
1826.9886	6657.8706
1827.8409	6629.1616
1828.6932	6634.9204
1829.5454	6655.3525
1830.3977	6670.3052
1831.25	6692.0093
1832.1023	6724.582
1832.9546	6709.1582
1833.8068	6681.7378
1834.6591	6700.5874
1835.5114	6714.7363
1836.3636	6715.354
1837.2159	6725.2827
1838.0682	6717.8374
1838.9204	6707.2319
1839.7727	6706.7056
1840.625	6708.6221
1841.4773	6725.7153
1842.3296	6734.8877
1843.1818	6713.0308
1844.0341	6687.1392
1844.8864	6669.7769
1845.7386	6668.3115
1846.5909	6670.4189
1847.4432	6695.8999
1848.2954	6729.0571
1849.1477	6756.127
1850	6788.8242
1850.8523	6773.3389
1851.7046	6753.0171
1852.5568	6755.5439
1853.4091	6756.0161
1854.2614	6772.3618
1855.1136	6781.1328
1855.9659	6765.5903
1856.8182	6755.9175
1857.6704	6758.0278
1858.5227	6766.1992
1859.375	6784.9092
1860.2273	6794.6841
1861.0796	6793.3657
1861.9318	6747.064
1862.7841	6677.4199
1863.6364	6693.4795
1864.4886	6731.4404
1865.3409	6767.8647
1866.1932	6809.1006
1867.0454	6776.1299
1867.8977	6744.9658
1868.75	6779.3613
1869.6023	6805.8643
1870.4546	6819.0723
1871.3068	6823.5615
1872.1591	6794.0039
1873.0114	6788.5923
1873.8636	6825.5874
1874.7159	6836.9946
1875.5682	6818.2285
1876.4204	6810.7842
1877.2727	6813.9521
1878.125	6806.8423
1878.9773	6792.0366
1879.8296	6806.0444
1880.6818	6824.1846
1881.5341	6819.5771
1882.3864	6827.9907
1883.2386	6898.1235
1884.0909	6931.1812
1884.9432	6824.2881
1885.7954	6761.5693
1886.6477	6811.0571
1887.5	6842.7969
1888.3523	6848.3486
1889.2046	6845.7603
1890.0568	6840.9956
1890.9091	6862.4907
1891.7614	6885.2598
1892.6136	6909.6704
1893.4659	6939.8618
1894.3182	6909.1475
1895.1704	6860.6299
1896.0227	6863.4995
1896.875	6886.665
1897.7273	6906.9956
1898.5796	6914.0532
1899.4318	6938.1709
1900.2841	6961.271
1901.1364	6954.1138
1901.9886	6955.3232
1902.8409	6969.6416
1903.6932	6954.0928
1904.5454	6910.3721
1905.3977	6900.9185
1906.25	6914.9751
1907.1023	6927.1689
1907.9546	6937.5156
1908.8068	6927.6953
1909.6591	6911.4365
1910.5114	6922.0474
1911.3636	6935.4946
1912.2159	6928.6338
1913.0682	6925.1348
1913.9204	6932.8369
1914.7727	6928.3911
1915.625	6898.1411
1916.4773	6892.2554
1917.3296	6919.0767
1918.1818	6921.2651
1919.0341	6901.0801
1919.8864	6871.71
1920.7386	6845.4087
1921.5909	6865.0684
1922.4432	6896.4219
1923.2954	6903.9395
1924.1477	6891.7461
1925	6870.2056
1925.8523	6867.333
1926.7046	6864.9888
1927.5568	6855.0166
1928.4091	6840.3911
1929.2614	6839.0718
1930.1136	6869.3916
1930.9659	6905.644
1931.8182	6943.6821
1932.6704	6921.5444
1933.5227	6853.4341
1934.375	6854.2461
1935.2273	6883.5176
1936.0796	6852.959
1936.9318	6810.9512
1937.7841	6850.0244
1938.6364	6894.1138
1939.4886	6881.4326
1940.3409	6860.5269
1941.1932	6837.0938
1942.0454	6820.2607
1942.8977	6814.1353
1943.75	6810.4121
1944.6023	6808.8145
1945.4546	6840.0249
1946.3068	6888.5176
1947.1591	6887.9365
1948.0114	6877.0117
1948.8636	6855.1846
1949.7159	6824.1558
1950.5682	6820.6509
1951.4204	6813.2607
1952.2727	6796.6465
1953.125	6794.2905
1953.9773	6795.6226
1954.8296	6792.9121
1955.6818	6790.7793
1956.5341	6789.2358
1957.3864	6798.0391
1958.2386	6800.9946
1959.0909	6788.1709
1959.9432	6794.52
1960.7954	6815.6035
1961.6477	6820.6284
1962.5	6821.1587
1963.3523	6826.9966
1964.2046	6826.0449
1965.0568	6820.7432
1965.9091	6816.6914
1966.7614	6821.2314
1967.6136	6826.5664
1968.4659	6822.5586
1969.3182	6820.2813
1970.1704	6829.9116
1971.0227	6828.4683
1971.875	6810.8325
1972.7273	6770.2568
1973.5796	6724.8218
1974.4318	6729.6465
1975.2841	6739.0381
1976.1364	6747.9688
1976.9886	6763.7827
1977.8409	6789.9766
1978.6932	6805.7734
1979.5454	6801.2271
1980.3977	6805.8838
1981.25	6823.272
1982.1023	6806.7603
1982.9546	6760.7393
1983.8068	6740.6729
1984.6591	6735.5835
1985.5114	6765.1538
1986.3636	6806.9082
1987.2159	6776.4995
1988.0682	6741.3569
1988.9204	6770.7744
1989.7727	6806.1655
1990.625	6819.8398
1991.4773	6820.7407
1992.3296	6813.2417
1993.1818	6814.8843
1994.0341	6816.4907
1994.8864	6816.5454
1995.7386	6821.6426
1996.5909	6812.6924
1997.4432	6801.437
1998.2954	6793.3262
1999.1477	6779.9453
2000	6816.2891
