800	991.14252
800.85229	991.60925
801.70453	986.91315
802.55682	975.94128
803.40912	968.60034
804.26135	981.3703
805.11365	993.77216
805.96588	994.65479
806.81818	993.7207
807.67047	993.86719
808.52271	995.26831
809.375	996.89111
810.22729	997.82538
811.07953	1000.3792
811.93182	1004.3509
812.78412	1007.876
813.63635	1009.7454
814.48865	1006.7467
815.34088	994.82672
816.19318	986.51801
817.04547	990.28455
817.89771	992.83575
818.75	991.58698
819.60229	991.82068
820.45453	999.18951
821.30682	1006.2052
822.15912	1007.6847
823.01135	1007.2169
823.86365	1005.4946
824.71588	1000.8156
825.56818	1000.0144
826.42047	1004.928
827.27271	1004.3074
828.125	996.11572
828.97729	991.33514
829.82953	1004.766
830.68182	1017.1913
831.53412	1019.5626
832.38635	1021.2014
833.23865	1022.4709
834.09088	1022.0024
834.94318	1018.8221
835.79547	1016.7141
836.64771	1017.1447
837.5	1016.907
838.35229	1019.0203
839.20453	1022.3008
840.05682	1015.4536
840.90912	995.53265
841.76135	981.9707
842.61365	988.53424
843.46588	995.39124
844.31818	1002.2373
845.17047	1008.6602
846.02271	1015.6514
846.875	1023.1555
847.72729	1015.9984
848.57953	1008.2589
849.43182	1005.2729
850.28412	1000.1117
851.13635	1001.6516
851.98865	1009.1674
852.84088	1010.7723
853.69318	1003.4974
854.54547	998.31476
855.39771	1003.4849
856.25	1010.0111
857.10229	1012.1238
857.95453	1013.3445
858.80682	1011.4407
859.65912	1009.797
860.51135	1015.0537
861.36365	1021.3952
862.21588	1022.3668
863.06818	1022.3671
863.92047	1020.9764
864.77271	1016.0437
865.625	1014.8025
866.47729	1021.6176
867.32953	1029.1855
868.18182	1030.8246
869.03412	1029.6217
869.88635	1031.0326
870.73865	1032.8062
871.59088	1029.2773
872.44318	1026.5018
873.29547	1028.2426
874.14771	1028.9575
875	1032.093
875.85229	1041.0323
876.70453	1043.8414
877.55682	1038.1825
878.40912	1033.0251
879.26135	1032.3192
880.11365	1039.5859
880.96588	1054.1791
881.81818	1059.0414
882.67047	1043.0292
883.52271	1029.1996
884.375	1034.8624
885.22729	1041.8322
886.07953	1050.4713
886.93182	1059.2455
887.78412	1060.4386
888.63635	1059.7317
889.48865	1051.1643
890.34088	1042.9143
891.19318	1036.9155
892.04547	1031.2542
892.89771	1028.8914
893.75	1031.9557
894.60229	1039.8499
895.45453	1048.3363
896.30682	1053.99
897.15912	1051.1678
898.01135	1045.1658
898.86365	1046.5925
899.71588	1048.0403
900.56818	1040.2566
901.42047	1035.9218
902.27271	1043.6832
903.125	1049.6177
903.97729	1048.135
904.82953	1050.5039
905.68182	1049.6097
906.53412	1044.4174
907.38635	1040.1448
908.23865	1038.7251
909.09088	1037.684
909.94318	1035.7935
910.79547	1037.7938
911.64771	1048.4207
912.5	1056.3833
913.35229	1054.7279
914.20453	1051.7024
915.05682	1043.9033
915.90912	1037.2113
916.76135	1033.858
917.61365	1030.9172
918.46588	1038.4777
919.31818	1046.5226
920.17047	1064.4242
921.02271	1084.7633
921.875	1073.0806
922.72729	1051.8024
923.57953	1053.5078
924.43182	1067.9497
925.28412	1074.6543
926.13635	1074.6543
926.98865	1071.0472
927.84088	1062.7592
928.69318	1059.9629
929.54547	1064.9302
930.39771	1066.9979
931.25	1059.6615
932.10229	1054.5094
932.95453	1061.5804
933.80682	1067.7361
934.65912	1063.4788
935.51135	1059.2173
936.36365	1067.9309
937.21588	1080.0105
938.06818	1082.6913
938.92047	1080.0823
939.77271	1076.3253
940.625	1073.9513
941.47729	1074.4052
942.32953	1075.8274
943.18182	1079.2609
944.03412	1083.2966
944.88635	1084.9739
945.73865	1086.1621
946.59088	1086.1627
947.44318	1082.6008
948.29547	1081.9989
949.14771	1088.6901
950	1092.9224
950.85229	1081.3037
951.70453	1070.38
952.55682	1074.7815
953.40912	1079.0513
954.26135	1089.6384
955.11365	1101.9861
955.96588	1097.0675
956.81818	1085.9138
957.67047	1091.2047
958.52271	1107.355
959.375	1112.5723
960.22729	1104.9723
961.07953	1104.0626
961.93182	1111.9088
962.78412	1109.1759
963.63635	1085.6605
964.48865	1069.6697
965.34088	1079.183
966.19318	1087.7117
967.04547	1098.1978
967.89771	1108.9003
968.75	1103.4954
969.60229	1096.1204
970.45453	1090.2092
971.30682	1084.2672
972.15912	1102.1974
973.01135	1127.4243
973.86365	1128.3434
974.71588	1116.4485
975.56818	1111.2679
976.42047	1112.9346
977.27271	1107.6168
978.125	1094.0472
978.97729	1087.7847
979.82953	1094.9261
980.68182	1104.5015
981.53412	1113.0774
982.38635	1114.1787
983.23865	1099.5863
984.09088	1089.2264
984.94318	1103.9208
985.79547	1117.4462
986.64771	1107.9546
987.5	1097.4668
988.35229	1113.1797
989.20453	1133.91
990.05682	1131.4198
990.90912	1121.1765
991.76135	1116.7358
992.61365	1113.3967
993.46588	1114.3231
994.31818	1116.7161
995.17047	1120.1217
996.02271	1134.4388
996.875	1146.2249
997.72729	1139.304
998.57953	1130.1029
999.43182	1132.0022
1000.2841	1137.79
1001.1364	1150.1951
1001.9886	1161.6571
1002.8409	1160.9268
1003.6932	1158.3798
1004.5455	1144.9686
1005.3977	1132.3099
1006.25	1137.762
1007.1023	1144.4468
1007.9545	1145.6792
1008.8068	1144.0067
1009.6591	1151.2511
1010.5114	1162.9575
1011.3636	1159.801
1012.2159	1151.1969
1013.0682	1147.6262
1013.9205	1143.323
1014.7727	1141.9445
1015.625	1145.77
1016.4773	1150.8779
1017.3295	1158.0513
1018.1818	1163.2375
1019.0341	1166.1079
1019.8864	1169.3097
1020.7386	1166.3145
1021.5909	1161.9869
1022.4432	1155.9739
1023.2955	1151.3583
1024.1477	1161.6899
1025	1171.5028
1025.8523	1167.9176
1026.7046	1165.0406
1027.5568	1166.7118
1028.4091	1168.6279
1029.2614	1164.8252
1030.1136	1155.7249
1030.9659	1157.1406
1031.8182	1171.0333
1032.6704	1172.8098
1033.5227	1156.2808
1034.375	1152.7046
1035.2273	1170.1887
1036.0796	1177.7592
1036.9318	1166.2555
1037.7841	1158.5548
1038.6364	1161.908
1039.4886	1164.2822
1040.3409	1170.2761
1041.1932	1175.104
1042.0454	1167.3019
1042.8977	1160.3411
1043.75	1168.8291
1044.6023	1177.1278
1045.4546	1175.7197
1046.3068	1172.848
1047.1591	1178.4275
1048.0114	1188.5048
1048.8636	1191.6588
1049.7159	1190.6989
1050.5682	1193.6525
1051.4204	1197.7255
1052.2727	1201.3468
1053.125	1204.2281
1053.9773	1205.5619
1054.8296	1212.2863
1055.6818	1216.0313
1056.5341	1209.3064
1057.3864	1205.2173
1058.2386	1204.7367
1059.0909	1200.9429
1059.9432	1200.7019
1060.7954	1204.7362
1061.6477	1205.2164
1062.5	1205.8588
1063.3523	1211.6576
1064.2046	1216.2012
1065.0568	1211.2833
1065.9091	1207.1969
1066.7614	1222.3362
1067.6136	1238.4457
1068.4659	1239.7147
1069.3182	1237.7908
1070.1704	1234.1471
1071.0227	1229.8174
1071.875	1216.2861
1072.7273	1198.2424
1073.5796	1194.0023
1074.4318	1201.2219
1075.2841	1217.3512
1076.1364	1239.0112
1076.9886	1249.5129
1077.8409	1250.4761
1078.6932	1256.7402
1079.5454	1261.5549
1080.3977	1263.4519
1081.25	1269.7133
1082.1023	1273.7179
1082.9546	1268.66
1083.8068	1264.6493
1084.6591	1265.3719
1085.5114	1267.2703
1086.3636	1275.7507
1087.2159	1284.1494
1088.0682	1284.6906
1088.9204	1283.601
1089.7727	1279.3242
1090.625	1275.9493
1091.4773	1270.6833
1092.3296	1266.103
1093.1818	1265.3578
1094.0341	1266.3226
1094.8864	1280.4528
1095.7386	1298.7831
1096.5909	1301.0735
1097.4432	1292.1481
1098.2954	1289.5223
1099.1477	1294.8308
1100	1299.6163
1100.8523	1303.7191
1101.7046	1313.7047
1102.5568	1332.7727
1103.4091	1341.1863
1104.2614	1323.5621
1105.1136	1313.0784
1105.9659	1327.5747
1106.8182	1340.1365
1107.6704	1342.3101
1108.5227	1343.7526
1109.375	1341.8663
1110.2273	1340.3102
1111.0796	1354.3157
1111.9318	1370.0559
1112.7841	1368.4039
1113.6364	1362.1376
1114.4886	1352.4906
1115.3409	1345.9648
1116.1932	1365.3228
1117.0454	1389.4969
1117.8977	1392.4086
1118.75	1388.298
1119.6023	1375.6727
1120.4546	1359.7008
1121.3068	1361.1478
1122.1591	1370.8239
1123.0114	1380.7048
1123.8636	1391.1075
1124.7159	1395.7692
1125.5682	1398.1888
1126.4204	1399.0839
1127.2727	1398.6002
1128.125	1405.7023
1128.9773	1417.0961
1129.8296	1422.9727
1130.6818	1428.7961
1131.5341	1436.3286
1132.3864	1430.7584
1133.2386	1424.1046
1134.0909	1436.7001
1134.9432	1450.339
1135.7954	1451.604
1136.6477	1451.1123
1137.5	1457.1432
1138.3523	1464.7253
1139.2046	1460.9799
1140.0568	1455.3423
1140.9091	1476.4448
1141.7614	1498.9884
1142.6136	1504.6924
1143.4659	1511.7239
1144.3182	1524.2861
1145.1704	1536.9011
1146.0227	1533.8838
1146.875	1523.688
1147.7273	1537.4318
1148.5796	1563.1459
1149.4318	1572.531
1150.2841	1575.1938
1151.1364	1581.8247
1151.9886	1588.8669
1152.8409	1593.8046
1153.6932	1594.5325
1154.5454	1596.9935
1155.3977	1603.3105
1156.25	1616.3505
1157.1023	1636.7495
1157.9546	1653.5729
1158.8068	1668.8734
1159.6591	1681.2224
1160.5114	1683.1671
1161.3636	1681.8851
1162.2159	1675.0848
1163.0682	1670.2754
1163.9204	1676.1078
1164.7727	1684.6256
1165.625	1691.4808
1166.4773	1696.1189
1167.3296	1696.717
1168.1818	1697.7184
1169.0341	1697.5388
1169.8864	1697.502
1170.7386	1695.2346
1171.5909	1692.5558
1172.4432	1701.8436
1173.2954	1711.5745
1174.1477	1700.1466
1175	1687.0089
1175.8523	1714.1443
1176.7046	1747.0302
1177.5568	1745.9176
1178.4091	1741.5367
1179.2614	1742.2437
1180.1136	1737.1356
1180.9659	1746.0168
1181.8182	1767.6996
1182.6704	1776.4014
1183.5227	1773.963
1184.375	1776.3888
1185.2273	1779.304
1186.0796	1784.2
1186.9318	1796.1368
1187.7841	1804.9153
1188.6364	1810.5258
1189.4886	1817.7369
1190.3409	1813.8368
1191.1932	1811.2137
1192.0454	1837.3253
1192.8977	1858.8677
1193.75	1846.9214
1194.6023	1837.6018
1195.4546	1850.5283
1196.3068	1862.24
1197.1591	1865.1719
1198.0114	1869.8929
1198.8636	1874.3467
1199.7159	1877.2531
1200.5682	1883.8014
1201.4204	1891.9928
1202.2727	1906.5208
1203.125	1921.3396
1203.9773	1925.0405
1204.8296	1925.4542
1205.6818	1934.4688
1206.5341	1949.3573
1207.3864	1939.6819
1208.2386	1920.6177
1209.0909	1929.2206
1209.9432	1945.6019
1210.7954	1963.3187
1211.6477	1984.8135
1212.5	1993.0653
1213.3523	1996.4895
1214.2046	2001.3962
1215.0568	2000.4298
1215.9091	2005.4104
1216.7614	2019.8445
1217.6136	2038.24
1218.4659	2056.5881
1219.3182	2065.3298
1220.1704	2070.2322
1221.0227	2083.9189
1221.875	2101.5471
1222.7273	2111.5317
1223.5796	2108.8413
1224.4318	2102.8879
1225.2841	2100.6833
1226.1364	2109.8025
1226.9886	2130.865
1227.8409	2147.5457
1228.6932	2162.4861
1229.5454	2177.6931
1230.3977	2189.4563
1231.25	2195.4814
1232.1023	2186.905
1232.9546	2184.6377
1233.8068	2210.6123
1234.6591	2235.2009
1235.5114	2253.3467
1236.3636	2272.0122
1237.2159	2261.0564
1238.0682	2249.3645
1238.9204	2255.876
1239.7727	2265.9263
1240.625	2308.2766
1241.4773	2347.72
1242.3296	2309.6399
1243.1818	2268.9565
1244.0341	2304.3918
1244.8864	2346.2278
1245.7386	2328.4248
1246.5909	2302.4048
1247.4432	2310.3679
1248.2954	2326.7986
1249.1477	2342.7922
1250	2355.5527
1250.8523	2366.4868
1251.7046	2375.8203
1252.5568	2387.9832
1253.4091	2402.4702
1254.2614	2397.6694
1255.1136	2385.3879
1255.9659	2380.4355
1256.8182	2382.156
1257.6704	2385.7964
1258.5227	2387.7629
1259.375	2391.7864
1260.2273	2396.2112
1261.0796	2413.8171
1261.9318	2443.3152
1262.7841	2452.7327
1263.6364	2440.4351
1264.4886	2444.2402
1265.3409	2467.6099
1266.1932	2473.5916
1267.0454	2461.5356
1267.8977	2454.8745
1268.75	2451.1895
1269.6023	2448.3516
1270.4546	2447.6108
1271.3068	2448.1155
1272.1591	2461.9019
1273.0114	2483.6169
1273.8636	2500.3616
1274.7159	2508.1245
1275.5682	2503.6912
1276.4204	2495.3643
1277.2727	2482.3152
1278.125	2478.6282
1278.9773	2503.01
1279.8296	2524.7041
1280.6818	2522.4871
1281.5341	2517.0193
1282.3864	2520.717
1283.2386	2524.134
1284.0909	2518.2175
1284.9432	2515.771
1285.7954	2517.9893
1286.6477	2516.6541
1287.5	2520.8457
1288.3523	2527.3806
1289.2046	2522.8206
1290.0568	2514.271
1290.9091	2499.2065
1291.7614	2489.9053
1292.6136	2510.1733
1293.4659	2530.0208
1294.3182	2550.1877
1295.1704	2567.8921
1296.0227	2566.3796
1296.875	2566.5593
1297.7273	2552.7642
1298.5796	2535.8025
1299.4318	2542.4497
1300.2841	2550.4849
1301.1364	2521.7024
1301.9886	2488.6143
1302.8409	2531.468
1303.6932	2585.3208
1304.5454	2604.5371
1305.3977	2619.6091
1306.25	2619.1643
1307.1023	2613.481
1307.9546	2626.1809
1308.8068	2642.9883
1309.6591	2649.5061
1310.5114	2653.7087
1311.3636	2665.4497
1312.2159	2680.781
1313.0682	2693.6812
1313.9204	2703.8203
1314.7727	2708.8193
1315.625	2713.7666
1316.4773	2754.0806
1317.3296	2807.0247
1318.1818	2803.1899
1319.0341	2776.2178
1319.8864	2772.116
1320.7386	2775.8281
1321.5909	2796.6143
1322.4432	2831.0234
1323.2954	2845.2334
1324.1477	2849.196
1325	2852.6316
1325.8523	2844.9561
1326.7046	2857.9272
1327.5568	2899.043
1328.4091	2934.3108
1329.2614	2954.6255
1330.1136	2965.9307
1330.9659	2975.5947
1331.8182	2989.4331
1332.6704	3004.5503
1333.5227	2997.5007
1334.375	2964.0371
1335.2273	2955.6877
1336.0796	2983.7026
1336.9318	3009.6755
1337.7841	3027.5288
1338.6364	3041.8643
1339.4886	3050.7922
1340.3409	3052.5908
1341.1932	3050.8474
1342.0454	3045.1736
1342.8977	3028.3018
1343.75	3022.54
1344.6023	3040.6768
1345.4546	3054.8071
1346.3068	3062.502
1347.1591	3068.3618
1348.0114	3065.6311
1348.8636	3069.2856
1349.7159	3077.9766
1350.5682	3074.3428
1351.4204	3065.1543
1352.2727	3067.5815
1353.125	3067.1079
1353.9773	3053.9175
1354.8296	3045.9673
1355.6818	3055.7939
1356.5341	3074.4202
1357.3864	3086.1907
1358.2386	3099.6123
1359.0909	3105.26
1359.9432	3092.5818
1360.7954	3082.2068
1361.6477	3061.3201
1362.5	3033.8813
1363.3523	3019.4272
1364.2046	3019.3738
1365.0568	3033.2998
1365.9091	3042.4661
1366.7614	3056.1494
1367.6136	3070.3564
1368.4659	3066.3748
1369.3182	3059.0134
1370.1704	3041.5933
1371.0227	3022.9272
1371.875	3010.7251
1372.7273	2995.6848
1373.5796	2973.0288
1374.4318	2959.2939
1375.2841	2981.7043
1376.1364	2997.4216
1376.9886	2967.781
1377.8409	2938.623
1378.6932	2934.3967
1379.5454	2933.4609
1380.3977	2936.9492
1381.25	2931.7036
1382.1023	2887.0991
1382.9546	2849.5361
1383.8068	2854.7634
1384.6591	2864.8433
1385.5114	2860.3296
1386.3636	2844.8245
1387.2159	2815.6536
1388.0682	2793.866
1388.9204	2801.5959
1389.7727	2803.5029
1390.625	2765.8123
1391.4773	2733.3032
1392.3296	2719.5815
1393.1818	2702.3032
1394.0341	2681.0793
1394.8864	2666.2937
1395.7386	2695.5203
1396.5909	2717.1091
1397.4432	2684.6582
1398.2954	2654.9866
1399.1477	2631.0112
1400	2604.5352
1400.8523	2584.0552
1401.7046	2570.5293
1402.5568	2586.0149
1403.4091	2594.1021
1404.2614	2564.8394
1405.1136	2542.6501
1405.9659	2550.3953
1406.8182	2556.3804
1407.6704	2542.6389
1408.5227	2523.7212
1409.375	2508.2288
1410.2273	2493.2529
1411.0796	2479.5029
1411.9318	2470.3877
1412.7841	2468.135
1413.6364	2469.5037
1414.4886	2475.2551
1415.3409	2473.0422
1416.1932	2460.7712
1417.0454	2451.5076
1417.8977	2448.2546
1418.75	2447.8691
1419.6023	2454.1321
1420.4546	2458.4434
1421.3068	2451.6772
1422.1591	2440.1033
1423.0114	2414.5508
1423.8636	2397.3352
1424.7159	2407.0969
1425.5682	2408.8181
1426.4204	2388.7659
1427.2727	2376.0044
1428.125	2386.0256
1428.9773	2393.7043
1429.8296	2400.467
1430.6818	2405.2732
1431.5341	2380.1887
1432.3864	2349.334
1433.2386	2324.2444
1434.0909	2316.9912
1434.9432	2355.8552
1435.7954	2377.5842
1436.6477	2354.7437
1437.5	2337.6499
1438.3523	2327.6106
1439.2046	2318.3193
1440.0568	2319.5747
1440.9091	2322.6641
1441.7614	2319.6538
1442.6136	2310.4951
1443.4659	2294.9219
1444.3182	2283.4775
1445.1704	2277.7058
1446.0227	2274.4314
1446.875	2281.2158
1447.7273	2282.6917
1448.5796	2257.5857
1449.4318	2239.917
1450.2841	2250.4661
1451.1364	2249.7654
1451.9886	2230.4045
1452.8409	2214.8462
1453.6932	2196.761
1454.5454	2196.4548
1455.3977	2232.4238
1456.25	2241.3235
1457.1023	2209.8792
1457.9546	2191.8235
1458.8068	2191.825
1459.6591	2190.5308
1460.5114	2180.9668
1461.3636	2168.0308
1462.2159	2150.9294
1463.0682	2139.4355
1463.9204	2141.7026
1464.7727	2140.5989
1465.625	2138.0808
1466.4773	2142.8496
1467.3296	2152.6687
1468.1818	2156.592
1469.0341	2151.0498
1469.8864	2146.0544
1470.7386	2146.5583
1471.5909	2144.4294
1472.4432	2131.8462
1473.2954	2118.4004
1474.1477	2106.5579
1475	2099.6187
1475.8523	2101.6357
1476.7046	2103.0278
1477.5568	2102.5234
1478.4091	2111.1445
1479.2614	2129.5415
1480.1136	2128.4832
1480.9659	2105.7927
1481.8182	2104.178
1482.6704	2122.5942
1483.5227	2115.4712
1484.375	2091.2476
1485.2273	2086.6436
1486.0796	2088.4243
1486.9318	2090.6975
1487.7841	2102.3127
1488.6364	2111.4087
1489.4886	2115.1956
1490.3409	2098.936
1491.1932	2072.4199
1492.0454	2092.1628
1492.8977	2133.0642
1493.75	2128.0017
1494.6023	2101.2395
1495.4546	2093.2505
1496.3068	2095.2717
1497.1591	2092.1787
1498.0114	2088.8933
1498.8636	2101.6694
1499.7159	2116.8342
1500.5682	2113.249
1501.4204	2103.6426
1502.2727	2105.23
1503.125	2113.0566
1503.9773	2125.1201
1504.8296	2133.4485
1505.6818	2141.7695
1506.5341	2154.6697
1507.3864	2161.0537
1508.2386	2162.8245
1509.0909	2145.3442
1509.9432	2126.3657
1510.7954	2119.3965
1511.6477	2117.7695
1512.5	2136.1194
1513.3523	2152.3511
1514.2046	2150.2603
1515.0568	2148.4431
1515.9091	2154.8809
1516.7614	2162.1191
1517.6136	2153.5754
1518.4659	2140.155
1519.3182	2123.6055
1520.1704	2114.2363
1521.0227	2145.438
1521.875	2171.3486
1522.7273	2171.4868
1523.5796	2170.9675
1524.4318	2170.6389
1525.2841	2172.1167
1526.1364	2168.6458
1526.9886	2162.8962
1527.8409	2153.5146
1528.6932	2150.114
1529.5454	2175.4761
1530.3977	2193.46
1531.25	2173.675
1532.1023	2163.1174
1532.9546	2184.4285
1533.8068	2203.8511
1534.6591	2220.5984
1535.5114	2233.8572
1536.3636	2233.3489
1537.2159	2233.1292
1538.0682	2243.5359
1538.9204	2249.8784
1539.7727	2240.9917
1540.625	2244.0811
1541.4773	2267.9524
1542.3296	2289.6318
1543.1818	2313.5049
1544.0341	2334.6243
1544.8864	2344.7854
1545.7386	2340.2568
1546.5909	2326.791
1547.4432	2332.6313
1548.2954	2349.4045
1549.1477	2360.6277
1550	2368.7615
1550.8523	2387.9446
1551.7046	2421.7578
1552.5568	2442.4441
1553.4091	2446.0042
1554.2614	2455.1689
1555.1136	2478.5667
1555.9659	2530.0342
1556.8182	2587.521
1557.6704	2612.207
1558.5227	2627.7249
1559.375	2658.207
1560.2273	2684.9192
1561.0796	2709.9504
1561.9318	2742.0186
1562.7841	2765.6184
1563.6364	2788.0205
1564.4886	2841.281
1565.3409	2898.8218
1566.1932	2904.0195
1567.0454	2897.5425
1567.8977	2938.8955
1568.75	2987.4626
1569.6023	3044.115
1570.4546	3102.6731
1571.3068	3134.7732
1572.1591	3164.9412
1573.0114	3192.3499
1573.8636	3217.7913
1574.7159	3253.4368
1575.5682	3299.6475
1576.4204	3357.7131
1577.2727	3403.8403
1578.125	3425.2593
1578.9773	3452.0735
1579.8296	3487.2971
1580.6818	3534.1304
1581.5341	3618.0923
1582.3864	3687.6545
1583.2386	3723.3716
1584.0909	3763.9172
1584.9432	3831.0332
1585.7954	3875.2166
1586.6477	3857.6067
1587.5	3867.8308
1588.3523	3927.8892
1589.2046	3970.3735
1590.0568	3994.8843
1590.9091	4049.3384
1591.7614	4131.3164
1592.6136	4182.8169
1593.4659	4203.2495
1594.3182	4228.3608
1595.1704	4262.6338
1596.0227	4304.0459
1596.875	4341.6055
1597.7273	4363.1333
1598.5796	4384.6011
1599.4318	4425.313
1600.2841	4471.8594
1601.1364	4505.8862
1601.9886	4539.1548
1602.8409	4523.063
1603.6932	4489.0532
1604.5454	4487.1025
1605.3977	4491.9673
1606.25	4441.7036
1607.1023	4386.4951
1607.9546	4355.6138
1608.8068	4322.7554
1609.6591	4307.8862
1610.5114	4292.583
1611.3636	4258.2632
1612.2159	4222.4131
1613.0682	4130.811
1613.9204	4040.6646
1614.7727	3978.8647
1615.625	3912.5986
1616.4773	3836.4971
1617.3296	3760.8542
1618.1818	3689.3945
1619.0341	3620.4602
1619.8864	3567.1121
1620.7386	3511.3682
1621.5909	3433.7295
1622.4432	3344.2808
1623.2954	3228.9009
1624.1477	3123.7358
1625	3052.9702
1625.8523	2992.5217
1626.7046	2931.762
1627.5568	2863.6128
1628.4091	2794.2976
1629.2614	2752.3303
1630.1136	2727.1973
1630.9659	2675.9087
1631.8182	2607.3376
1632.6704	2562.5027
1633.5227	2536.8467
1634.375	2514.8
1635.2273	2488.6155
1636.0796	2447.5837
1636.9318	2405.9902
1637.7841	2361.8936
1638.6364	2315.1448
1639.4886	2309.5969
1640.3409	2309.3257
1641.1932	2276.9834
1642.0454	2241.7058
1642.8977	2211.9958
1643.75	2183.0974
1644.6023	2160.0718
1645.4546	2136.6292
1646.3068	2118.3989
1647.1591	2099.3442
1648.0114	2072.8555
1648.8636	2049.9434
1649.7159	2035.793
1650.5682	2011.5724
1651.4204	1972.7062
1652.2727	1944.0054
1653.125	1928.0625
1653.9773	1918.1273
1654.8296	1912.7203
1655.6818	1899.7122
1656.5341	1887.3647
1657.3864	1876.6565
1658.2386	1858.6255
1659.0909	1844.2219
1659.9432	1838.8097
1660.7954	1830.2245
1661.6477	1816.5725
1662.5	1793.0867
1663.3523	1764.9938
1664.2046	1770.236
1665.0568	1790.8347
1665.9091	1787.5223
1666.7614	1775.4049
1667.6136	1760.1105
1668.4659	1743.8694
1669.3182	1763.6852
1670.1704	1787.7161
1671.0227	1764.3842
1671.875	1734.8608
1672.7273	1720.7802
1673.5796	1712.4175
1674.4318	1720.1293
1675.2841	1727.517
1676.1364	1729.3239
1676.9886	1727.8668
1677.8409	1721.6693
1678.6932	1720.0181
1679.5454	1728.7938
1680.3977	1732.3721
1681.25	1726.9482
1682.1023	1723.5491
1682.9546	1718.1331
1683.8068	1702.0724
1684.6591	1675.218
1685.5114	1685.5334
1686.3636	1728.6833
1687.2159	1742.5524
1688.0682	1738.9344
1688.9204	1734.1536
1689.7727	1726.1495
1690.625	1715.1471
1691.4773	1704.0292
1692.3296	1706.2579
1693.1818	1714.0154
1694.0341	1727.387
1694.8864	1738.177
1695.7386	1723.2446
1696.5909	1707.7811
1697.4432	1701.8263
1698.2954	1695.9769
1699.1477	1692.475
1700	1692.283
1700.8523	1695.684
1701.7046	1695.4329
1702.5568	1690.5126
1703.4091	1694.0034
1704.2614	1709.5157
1705.1136	1712.6233
1705.9659	1696.8258
1706.8182	1683.7207
1707.6704	1682.6847
1708.5227	1685.4911
1709.375	1681.0867
1710.2273	1665.7709
1711.0796	1648.6699
1711.9318	1653.2031
1712.7841	1669.2628
1713.6364	1678.9663
1714.4886	1684.4025
1715.3409	1672.7964
1716.1932	1655.9442
1717.0454	1652.6991
1717.8977	1654.2552
1718.75	1659.4265
1719.6023	1659.0471
1720.4546	1641.3118
1721.3068	1630.0112
1722.1591	1651.9882
1723.0114	1671.5341
1723.8636	1662.092
1724.7159	1653.7289
1725.5682	1662.8036
1726.4204	1671.13
1727.2727	1658.4098
1728.125	1642.4271
1728.9773	1641.1471
1729.8296	1643.1029
1730.6818	1640.7659
1731.5341	1637.807
1732.3864	1637.0277
1733.2386	1650.078
1734.0909	1670.0822
1734.9432	1659.0499
1735.7954	1634.8868
1736.6477	1621.2483
1737.5	1606.9539
1738.3523	1615.6355
1739.2046	1634.3513
1740.0568	1629.1067
1740.9091	1617.7131
1741.7614	1613.7488
1742.6136	1611.7588
1743.4659	1620.4113
1744.3182	1629.0881
1745.1704	1623.6416
1746.0227	1619.6923
1746.875	1639.9865
1747.7273	1653.4935
1748.5796	1635.5382
1749.4318	1624.7794
1750.2841	1636.4916
1751.1364	1640.4475
1751.9886	1630.035
1752.8409	1624.7157
1753.6932	1623.6741
1754.5454	1627.5221
1755.3977	1640.8026
1756.25	1638.7241
1757.1023	1619.7101
1757.9546	1613.3992
1758.8068	1617.8242
1759.6591	1632.1312
1760.5114	1644.3718
1761.3636	1642.8278
1762.2159	1642.1617
1763.0682	1613.1393
1763.9204	1587.0072
1764.7727	1615.8246
1765.625	1639.4448
1766.4773	1613.7288
1767.3296	1596.6235
1768.1818	1606.0118
1769.0341	1612.114
1769.8864	1620.4615
1770.7386	1619.7498
1771.5909	1600.9648
1772.4432	1592.6479
1773.2954	1592.9167
1774.1477	1613.0209
1775	1651.6643
1775.8523	1664.7903
1776.7046	1663.4851
1777.5568	1647.0536
1778.4091	1627.7325
1779.2614	1625.3033
1780.1136	1624.781
1780.9659	1610.9823
1781.8182	1594.1908
1782.6704	1608.2131
1783.5227	1620.5615
1784.375	1605.0314
1785.2273	1595.4843
1786.0796	1597.0521
1786.9318	1597.0508
1787.7841	1605.415
1788.6364	1611.9315
1789.4886	1606.4429
1790.3409	1602.4299
1791.1932	1604.0013
1792.0454	1608.817
1792.8977	1613.2623
1793.75	1608.0667
1794.6023	1602.835
1795.4546	1607.4998
1796.3068	1609.8684
1797.1591	1599.1414
1798.0114	1589.7269
1798.8636	1596.7141
1799.7159	1602.1039
1800.5682	1604.6537
1801.4204	1612.2562
1802.2727	1608.1307
1803.125	1599.3259
1803.9773	1597.1453
1804.8296	1598.3506
1805.6818	1597.041
1806.5341	1594.5867
1807.3864	1598.2584
1808.2386	1604.0088
1809.0909	1612.3933
1809.9432	1619.6362
1810.7954	1622.7809
1811.6477	1618.4354
1812.5	1614.2377
1813.3523	1614.8643
1814.2046	1611.4564
1815.0568	1607.5325
1815.9091	1609.631
1816.7614	1606.8368
1817.6136	1596.2874
1818.4659	1601.6241
1819.3182	1612.2179
1820.1704	1613.2319
1821.0227	1609.1348
1821.875	1612.8239
1822.7273	1615.6992
1823.5796	1603.6271
1824.4318	1596.3749
1825.2841	1597.4258
1826.1364	1593.4897
1826.9886	1585.6133
1827.8409	1578.8035
1828.6932	1574.5933
1829.5454	1576.3248
1830.3977	1579.4766
1831.25	1574.3535
1832.1023	1564.1089
1832.9546	1566.2177
1833.8068	1576.921
1834.6591	1607.0481
1835.5114	1628.4807
1836.3636	1609.0372
1837.2159	1592.1982
1838.0682	1582.5311
1838.9204	1572.1619
1839.7727	1569.0034
1840.625	1574.9342
1841.4773	1596.4979
1842.3296	1607.1859
1843.1818	1604.2893
1844.0341	1606.1757
1844.8864	1603.545
1845.7386	1604.6149
1846.5909	1621.2117
1847.4432	1634.9604
1848.2954	1638.3807
1849.1477	1624.9811
1850	1611.6902
1850.8523	1629.9946
1851.7046	1650.6438
1852.5568	1630.464
1853.4091	1606.2195
1854.2614	1585.3613
1855.1136	1576.6616
1855.9659	1599.8422
1856.8182	1613.9678
1857.6704	1616.8693
1858.5227	1621.6729
1859.375	1628.5243
1860.2273	1617.8142
1861.0796	1591.1655
1861.9318	1582.4854
1862.7841	1586.4336
1863.6364	1594.7094
1864.4886	1598.3877
1865.3409	1599.1895
1866.1932	1606.5043
1867.0454	1614.0625
1867.8977	1613.9237
1868.75	1604.1909
1869.6023	1599.2983
1870.4546	1607.2233
1871.3068	1612.186
1872.1591	1609.0193
1873.0114	1604.7434
1873.8636	1597.8728
1874.7159	1602.7756
1875.5682	1619.4266
1876.4204	1622.7432
1877.2727	1617.7263
1878.125	1608.4932
1878.9773	1597.6533
1879.8296	1609.0975
1880.6818	1625.6598
1881.5341	1612.3857
1882.3864	1601.6287
1883.2386	1594.4587
1884.0909	1584.0341
1884.9432	1607.3176
1885.7954	1627.9957
1886.6477	1623.4965
1887.5	1619.0706
1888.3523	1620.1279
1889.2046	1624.6124
1890.0568	1629.1132
1890.9091	1633.2209
1891.7614	1638.5164
1892.6136	1636.3406
1893.4659	1631.0438
1894.3182	1626.1256
1895.1704	1622.4088
1896.0227	1632.5868
1896.875	1644.197
1897.7273	1647.3281
1898.5796	1641.8942
1899.4318	1620.6914
1900.2841	1612.6555
1901.1364	1617.6923
1901.9886	1620.3313
1902.8409	1624.0458
1903.6932	1620.9512
1904.5454	1611.4097
1905.3977	1623.1556
1906.25	1651.7992
1907.1023	1644.9379
1907.9546	1619.7357
1908.8068	1616.707
1909.6591	1624.889
1910.5114	1634.5492
1911.3636	1638.4404
1912.2159	1623.3645
1913.0682	1612.6349
1913.9204	1619.8007
1914.7727	1626.9556
1915.625	1631.4606
1916.4773	1632.3048
1917.3296	1632.3048
1918.1818	1631.6508
1919.0341	1624.2137
1919.8864	1619.2709
1920.7386	1622.9904
1921.5909	1627.4814
1922.4432	1628.2781
1923.2954	1621.4014
1924.1477	1614.3141
1925	1607.5676
1925.8523	1600.2582
1926.7046	1599.0861
1927.5568	1600.2615
1928.4091	1609.8347
1929.2614	1614.3389
1930.1136	1599.7107
1930.9659	1586.3026
1931.8182	1579.6528
1932.6704	1584.1749
1933.5227	1595.0831
1934.375	1601.739
1935.2273	1608.1254
1936.0796	1599.366
1936.9318	1588.6149
1937.7841	1598.1229
1938.6364	1607.6497
1939.4886	1589.8159
1940.3409	1573.1339
1941.1932	1594.4365
1942.0454	1610.9552
1942.8977	1609.6235
1943.75	1601.9868
1944.6023	1583.8718
1945.4546	1576.2773
1946.3068	1578.6754
1947.1591	1580.5437
1948.0114	1582.4092
1948.8636	1575.4126
1949.7159	1566.4095
1950.5682	1566.6392
1951.4204	1572.929
1952.2727	1578.972
1953.125	1571.8224
1953.9773	1573.6913
1954.8296	1577.5819
1955.6818	1559.1783
1956.5341	1549.4141
1957.3864	1554.7499
1958.2386	1561.7698
1959.0909	1569.5168
1959.9432	1574.3801
1960.7954	1579.9845
1961.6477	1575.0114
1962.5	1567.4979
1963.3523	1572.8459
1964.2046	1579.6616
1965.0568	1580.077
1965.9091	1578.4052
1966.7614	1566.1202
1967.6136	1565.3671
1968.4659	1586.2013
1969.3182	1582.6969
1970.1704	1559.9592
1971.0227	1556.7911
1971.875	1565.3422
1972.7273	1569.0496
1973.5796	1568.2477
1974.4318	1554.9066
1975.2841	1540.0002
1976.1364	1540.4319
1976.9886	1543.0481
1977.8409	1552.3683
1978.6932	1559.001
1979.5454	1556.3265
1980.3977	1552.0043
1981.25	1545.3162
1982.1023	1542.4608
1982.9546	1549.1499
1983.8068	1552.7023
1984.6591	1548.9513
1985.5114	1565.3214
1986.3636	1589.9459
1987.2159	1579.1543
1988.0682	1566.4193
1988.9204	1551.4382
1989.7727	1533.5909
1990.625	1538.6853
1991.4773	1551.6942
1992.3296	1576.6041
1993.1818	1586.1124
1994.0341	1564.947
1994.8864	1554.8716
1995.7386	1566.9427
1996.5909	1571.8373
1997.4432	1566.209
1998.2954	1569.1801
1999.1477	1574.6326
2000	1553.9979
