800	2906.9624
800.85229	2876.3933
801.70453	2859.189
802.55682	2858.4998
803.40912	2854.467
804.26135	2863.0642
805.11365	2871.4934
805.96588	2874.5171
806.81818	2874.05
807.67047	2891.1494
808.52271	2910.3
809.375	2922.8752
810.22729	2936.4229
811.07953	2932.4102
811.93182	2910.916
812.78412	2893.1104
813.63635	2881.6606
814.48865	2882.9575
815.34088	2914.0427
816.19318	2936.6487
817.04547	2931.321
817.89771	2926.2283
818.75	2936.3179
819.60229	2943.3325
820.45453	2929.8713
821.30682	2914.6704
822.15912	2915.5789
823.01135	2924.4673
823.86365	2925.1628
824.71588	2920.9514
825.56818	2920.3745
826.42047	2922.7146
827.27271	2925.4517
828.125	2926.8557
828.97729	2927.8591
829.82953	2921.7783
830.68182	2912.5818
831.53412	2910.5938
832.38635	2911.2961
833.23865	2920.4626
834.09088	2928.6592
834.94318	2941.5881
835.79547	2951.894
836.64771	2950.0796
837.5	2940.4609
838.35229	2932.2366
839.20453	2935.0488
840.05682	2936.7441
840.90912	2924.0881
841.76135	2914.1418
842.61365	2919.5332
843.46588	2923.2715
844.31818	2925.5703
845.17047	2926.8149
846.02271	2928.0212
846.875	2928.2556
847.72729	2944.5767
848.57953	2967.093
849.43182	2963.124
850.28412	2937.7874
851.13635	2922.0244
851.98865	2925.3013
852.84088	2938.6753
853.69318	2956.9802
854.54547	2963.9858
855.39771	2957.1875
856.25	2956.9773
857.10229	2968.9507
857.95453	2978.1396
858.80682	2973.7397
859.65912	2968.8091
860.51135	2966.8054
861.36365	2961.6384
862.21588	2958.2686
863.06818	2958.5034
863.92047	2966.2485
864.77271	2981.522
865.625	2986.4919
866.47729	2976.1521
867.32953	2969.0923
868.18182	2972.1545
869.03412	2978.9751
869.88635	2987.9087
870.73865	2993.1575
871.59088	2995.498
872.44318	2995.9275
873.29547	2986.3328
874.14771	2975.5005
875	2970.0007
875.85229	2961.7671
876.70453	2970.5481
877.55682	2988.9148
878.40912	3006.7175
879.26135	3021.3079
880.11365	3023.2559
880.96588	3011.958
881.81818	3012.5452
882.67047	3035.8657
883.52271	3053.0698
884.375	3053.3081
885.22729	3051.4275
886.07953	3043.3081
886.93182	3036.7483
887.78412	3044.3782
888.63635	3050.0313
889.48865	3050.9534
890.34088	3054.9604
891.19318	3058.5344
892.04547	3065.8579
892.89771	3057.0771
893.75	3030.9146
894.60229	3025.1375
895.45453	3045.8818
896.30682	3051.4475
897.15912	3028.5647
898.01135	3013.9192
898.86365	3029.0283
899.71588	3043.6553
900.56818	3034.9277
901.42047	3025.8638
902.27271	3031.0273
903.125	3036.8245
903.97729	3059.0063
904.82953	3080.9565
905.68182	3086.8198
906.53412	3088.7075
907.38635	3078.3274
908.23865	3067.9216
909.09088	3056.707
909.94318	3038.7495
910.79547	3027.4604
911.64771	3028.6414
912.5	3037.2163
913.35229	3053.0583
914.20453	3068.6672
915.05682	3078.1096
915.90912	3082.5544
916.76135	3092.571
917.61365	3101.1995
918.46588	3077.8145
919.31818	3050.3765
920.17047	3068.8884
921.02271	3090.8757
921.875	3104.5457
922.72729	3118.2585
923.57953	3112.2605
924.43182	3092.8467
925.28412	3082.5806
926.13635	3083.0535
926.98865	3085.6965
927.84088	3091.6133
928.69318	3098.6045
929.54547	3106.4155
930.39771	3111.4392
931.25	3107.8894
932.10229	3101.9016
932.95453	3089.2319
933.80682	3078.9241
934.65912	3113.6763
935.51135	3149.1885
936.36365	3141.0063
937.21588	3127.7366
938.06818	3119.864
938.92047	3112.7522
939.77271	3115.3445
940.625	3126.4797
941.47729	3128.644
942.32953	3125.8132
943.18182	3128.7317
944.03412	3124.48
944.88635	3114.365
945.73865	3105.8325
946.59088	3105.249
947.44318	3130.6323
948.29547	3150.5488
949.14771	3132.3516
950	3113.7981
950.85229	3121.5242
951.70453	3131.0154
952.55682	3147.0327
953.40912	3163.8845
954.26135	3161.9619
955.11365	3152.2349
955.96588	3131.9521
956.81818	3110.3521
957.67047	3120.6982
958.52271	3155.1328
959.375	3167.5286
960.22729	3150.6614
961.07953	3143.0046
961.93182	3153.4607
962.78412	3164.0859
963.63635	3169.3047
964.48865	3170.0752
965.34088	3172.916
966.19318	3176.6069
967.04547	3173.8257
967.89771	3168.5378
968.75	3165.468
969.60229	3163.0894
970.45453	3160.9939
971.30682	3158.8547
972.15912	3165.3765
973.01135	3173.2297
973.86365	3181.7688
974.71588	3194.6104
975.56818	3205.4375
976.42047	3208.999
977.27271	3201.5745
978.125	3183.4854
978.97729	3178.1453
979.82953	3195.0398
980.68182	3208.7148
981.53412	3216.0996
982.38635	3224.793
983.23865	3232.0725
984.09088	3235.4863
984.94318	3236.647
985.79547	3239.7908
986.64771	3237.6228
987.5	3230.7102
988.35229	3250.1135
989.20453	3276.3223
990.05682	3274.8345
990.90912	3264.1174
991.76135	3248.1248
992.61365	3225.2285
993.46588	3224.2424
994.31818	3240.4641
995.17047	3247.1177
996.02271	3249.2698
996.875	3254.7275
997.72729	3257.8298
998.57953	3258.2759
999.43182	3266.3765
1000.2841	3273.665
1001.1364	3263.885
1001.9886	3257.1655
1002.8409	3260.8254
1003.6932	3261.9307
1004.5455	3270.7827
1005.3977	3284.3757
1006.25	3284.5864
1007.1023	3280.0532
1007.9545	3299.4575
1008.8068	3321.6772
1009.6591	3321.0444
1010.5114	3313.6409
1011.3636	3310.009
1012.2159	3310.9651
1013.0682	3301.1787
1013.9205	3280.6387
1014.7727	3288.5803
1015.625	3336.1609
1016.4773	3352.3784
1017.3295	3300.2683
1018.1818	3269.572
1019.0341	3304.7334
1019.8864	3329.6089
1020.7386	3317.7485
1021.5909	3308.7615
1022.4432	3319.8203
1023.2955	3329.8401
1024.1477	3335.9268
1025	3341.4314
1025.8523	3324.7
1026.7046	3308.1794
1027.5568	3301.9836
1028.4091	3292.4006
1029.2614	3299.8069
1030.1136	3320.6409
1030.9659	3336.4734
1031.8182	3347.2522
1032.6704	3352.333
1033.5227	3344.9067
1034.375	3331.2507
1035.2273	3318.0752
1036.0796	3316.6272
1036.9318	3334.6016
1037.7841	3344.9819
1038.6364	3338.7583
1039.4886	3335.0916
1040.3409	3340.8459
1041.1932	3344.1531
1042.0454	3330.1174
1042.8977	3316.5518
1043.75	3327.2922
1044.6023	3338.6619
1045.4546	3329.269
1046.3068	3317.2808
1047.1591	3332.2063
1048.0114	3354.5205
1048.8636	3351.7195
1049.7159	3336.3601
1050.5682	3343.6934
1051.4204	3366.9644
1052.2727	3374.7202
1053.125	3367.998
1053.9773	3363.7451
1054.8296	3359.6626
1055.6818	3356.9417
1056.5341	3366.0681
1057.3864	3380.4653
1058.2386	3391.0332
1059.0909	3389.158
1059.9432	3365.3718
1060.7954	3351.9885
1061.6477	3382.5081
1062.5	3409.3816
1063.3523	3409.8838
1064.2046	3408.7681
1065.0568	3395.4158
1065.9091	3380.0437
1066.7614	3386.9888
1067.6136	3399.9734
1068.4659	3401.4219
1069.3182	3396.6118
1070.1704	3398.8291
1071.0227	3406.0454
1071.875	3412.8042
1072.7273	3414.9692
1073.5796	3421.2737
1074.4318	3428.2515
1075.2841	3429.9375
1076.1364	3434.0286
1076.9886	3433.3289
1077.8409	3424.4226
1078.6932	3424.0439
1079.5454	3435.1189
1080.3977	3439.3625
1081.25	3433.8235
1082.1023	3433.783
1082.9546	3447.03
1083.8068	3459.5789
1084.6591	3464.1565
1085.5114	3467.5583
1086.3636	3461.4431
1087.2159	3454.1113
1088.0682	3458.7798
1088.9204	3466.1172
1089.7727	3481.6035
1090.625	3493.1733
1091.4773	3496.4895
1092.3296	3506.3989
1093.1818	3510.062
1094.0341	3503.55
1094.8864	3513.3208
1095.7386	3535.9927
1096.5909	3541.5938
1097.4432	3527.6018
1098.2954	3535.8484
1099.1477	3576.6279
1100	3591.6526
1100.8523	3568.002
1101.7046	3565.3464
1102.5568	3593.1042
1103.4091	3601.9221
1104.2614	3582.3677
1105.1136	3564.397
1105.9659	3539.9956
1106.8182	3525.6575
1107.6704	3541.8384
1108.5227	3554.0847
1109.375	3572.5078
1110.2273	3590.0349
1111.0796	3605.2463
1111.9318	3621.4758
1112.7841	3643.4602
1113.6364	3663.3552
1114.4886	3661.6714
1115.3409	3657.0786
1116.1932	3652.1265
1117.0454	3649.7095
1117.8977	3649.0256
1118.75	3648.0583
1119.6023	3656.4502
1120.4546	3663.4827
1121.3068	3671.999
1122.1591	3683.365
1123.0114	3685.5002
1123.8636	3687.9207
1124.7159	3694.9963
1125.5682	3705.885
1126.4204	3701.6223
1127.2727	3668.9495
1128.125	3653.4712
1128.9773	3668.4961
1129.8296	3689.0474
1130.6818	3724.6555
1131.5341	3744.9214
1132.3864	3732.8145
1133.2386	3726.0676
1134.0909	3729.7009
1134.9432	3733.4417
1135.7954	3737.3135
1136.6477	3740.6135
1137.5	3737.0535
1138.3523	3733.9143
1139.2046	3763.6501
1140.0568	3795.6655
1140.9091	3790.3279
1141.7614	3778.9351
1142.6136	3786.3904
1143.4659	3798.5129
1144.3182	3804.0769
1145.1704	3809.167
1146.0227	3819.4819
1146.875	3829.4277
1147.7273	3831.9016
1148.5796	3829.7185
1149.4318	3826.895
1150.2841	3823.9868
1151.1364	3824.019
1151.9886	3833.0149
1152.8409	3848.3191
1153.6932	3858.0269
1154.5454	3857.0444
1155.3977	3859.9382
1156.25	3876.0657
1157.1023	3897.1909
1157.9546	3912.751
1158.8068	3917.6082
1159.6591	3923.7473
1160.5114	3938.0898
1161.3636	3944.5125
1162.2159	3932.8538
1163.0682	3930.3716
1163.9204	3955.6428
1164.7727	3976.3501
1165.625	3968.116
1166.4773	3957.0935
1167.3296	3956.9402
1168.1818	3961.1099
1169.0341	3968.2839
1169.8864	3971.5403
1170.7386	3970.8923
1171.5909	3970.8916
1172.4432	3983.1946
1173.2954	3997.5547
1174.1477	4002.0391
1175	4003.012
1175.8523	4008.0588
1176.7046	4011.4695
1177.5568	4003.885
1178.4091	4000.2344
1179.2614	4026.679
1180.1136	4061.761
1180.9659	4064.2891
1181.8182	4049.9226
1182.6704	4055.8384
1183.5227	4077.522
1184.375	4075.7188
1185.2273	4048.9133
1186.0796	4049.0537
1186.9318	4084.3774
1187.7841	4110.665
1188.6364	4117.4951
1189.4886	4120.605
1190.3409	4118.8989
1191.1932	4112.5967
1192.0454	4109.1802
1192.8977	4112.2451
1193.75	4118.8271
1194.6023	4128.1646
1195.4546	4157.9258
1196.3068	4183.4775
1197.1591	4163.9482
1198.0114	4149.4097
1198.8636	4159.6484
1199.7159	4169.2905
1200.5682	4203.3267
1201.4204	4236.2534
1202.2727	4220.9585
1203.125	4203.8545
1203.9773	4215.3042
1204.8296	4229.9893
1205.6818	4239.3188
1206.5341	4241.0474
1207.3864	4236.4189
1208.2386	4237.4053
1209.0909	4239.7388
1209.9432	4239.7383
1210.7954	4257.8525
1211.6477	4278.3706
1212.5	4283.2832
1213.3523	4287.1968
1214.2046	4285.5371
1215.0568	4279.9126
1215.9091	4306.897
1216.7614	4352.3794
1217.6136	4356.1353
1218.4659	4331.6709
1219.3182	4349.459
1220.1704	4401.0679
1221.0227	4418.3799
1221.875	4405.4033
1222.7273	4393.334
1223.5796	4375.4795
1224.4318	4373.5059
1225.2841	4395.7949
1226.1364	4406.6997
1226.9886	4407.1787
1227.8409	4416.4946
1228.6932	4438.0439
1229.5454	4460.0215
1230.3977	4473.0098
1231.25	4483.8701
1232.1023	4501.0146
1232.9546	4517.0435
1233.8068	4524.8838
1234.6591	4528.876
1235.5114	4518.0869
1236.3636	4510.9146
1237.2159	4499.5923
1238.0682	4493.4146
1238.9204	4545.2861
1239.7727	4592.3018
1240.625	4594.7041
1241.4773	4597.9194
1242.3296	4597.6958
1243.1818	4595.7983
1244.0341	4584.6992
1244.8864	4571.3638
1245.7386	4607.9116
1246.5909	4654.5513
1247.4432	4640.2749
1248.2954	4618.4224
1249.1477	4645.0889
1250	4675.7598
1250.8523	4699.3066
1251.7046	4721.167
1252.5568	4721.0503
1253.4091	4718.832
1254.2614	4724.312
1255.1136	4730.2061
1255.9659	4745.5117
1256.8182	4765.418
1257.6704	4795.7773
1258.5227	4824.5361
1259.375	4812.4639
1260.2273	4788.1221
1261.0796	4775.4688
1261.9318	4764.8994
1262.7841	4767.8647
1263.6364	4780.8994
1264.4886	4775.0361
1265.3409	4752.896
1266.1932	4769.3076
1267.0454	4825.6504
1267.8977	4847.124
1268.75	4833.0918
1269.6023	4829.769
1270.4546	4832.9624
1271.3068	4843.8364
1272.1591	4861.0693
1273.0114	4863.4268
1273.8636	4853.8232
1274.7159	4853.3022
1275.5682	4868.5718
1276.4204	4879.3086
1277.2727	4875.6152
1278.125	4879.5396
1278.9773	4893.8071
1279.8296	4896.2646
1280.6818	4874.8247
1281.5341	4863.8032
1282.3864	4888.9429
1283.2386	4909.1396
1284.0909	4907.9067
1284.9432	4909.7251
1285.7954	4924.0254
1286.6477	4933.752
1287.5	4926.3535
1288.3523	4920.7354
1289.2046	4919.9927
1290.0568	4920.7163
1290.9091	4921.4912
1291.7614	4923.5894
1292.6136	4953.9507
1293.4659	4984.4985
1294.3182	4988.04
1295.1704	4990.2051
1296.0227	4990.5791
1296.875	4990.1162
1297.7273	5003.8086
1298.5796	5019.8706
1299.4318	5005.4253
1300.2841	4988.8325
1301.1364	4991.083
1301.9886	4995.1401
1302.8409	5010.0977
1303.6932	5024.9194
1304.5454	5040.626
1305.3977	5053.4741
1306.25	5061.4131
1307.1023	5073.769
1307.9546	5088.6006
1308.8068	5099.2285
1309.6591	5095.8604
1310.5114	5091.9048
1311.3636	5109.3838
1312.2159	5135.3472
1313.0682	5149.0112
1313.9204	5158.4092
1314.7727	5150.252
1315.625	5131.9468
1316.4773	5130.8203
1317.3296	5138.2427
1318.1818	5136.9751
1319.0341	5133.5107
1319.8864	5173.6538
1320.7386	5230.083
1321.5909	5238.2573
1322.4432	5226.127
1323.2954	5217.0693
1324.1477	5206.6704
1325	5220.2842
1325.8523	5250.248
1326.7046	5276.2632
1327.5568	5300.7832
1328.4091	5293.1201
1329.2614	5259.1787
1330.1136	5241.894
1330.9659	5241.895
1331.8182	5271.5396
1332.6704	5317.6348
1333.5227	5338.6089
1334.375	5350.5073
1335.2273	5355.9238
1336.0796	5350.7183
1336.9318	5372.3799
1337.7841	5405.3584
1338.6364	5415.0664
1339.4886	5414.0747
1340.3409	5416.5581
1341.1932	5423.7505
1342.0454	5428.1533
1342.8977	5415.7476
1343.75	5407.3813
1344.6023	5419.3076
1345.4546	5432.7153
1346.3068	5444.3818
1347.1591	5441.1772
1348.0114	5423.5527
1348.8636	5432.5493
1349.7159	5466.0718
1350.5682	5475.7285
1351.4204	5461.0771
1352.2727	5446.1724
1353.125	5426.0366
1353.9773	5430.3936
1354.8296	5484.8052
1355.6818	5530.2749
1356.5341	5530.2402
1357.3864	5518.5664
1358.2386	5509.8682
1359.0909	5503.9272
1359.9432	5503.1816
1360.7954	5496.293
1361.6477	5480.6289
1362.5	5478.7539
1363.3523	5487.2329
1364.2046	5491.1704
1365.0568	5509.8521
1365.9091	5526.5713
1366.7614	5511.395
1367.6136	5498.1089
1368.4659	5514.0322
1369.3182	5530.1201
1370.1704	5524.6563
1371.0227	5507.561
1371.875	5485.918
1372.7273	5482.0659
1373.5796	5505.7173
1374.4318	5514.0229
1375.2841	5487.8774
1376.1364	5465.8101
1376.9886	5452.8496
1377.8409	5442.5474
1378.6932	5431.3208
1379.5454	5428.0723
1380.3977	5456.7241
1381.25	5477.1167
1382.1023	5463.9102
1382.9546	5437.5923
1383.8068	5407.625
1384.6591	5394.8149
1385.5114	5409.2783
1386.3636	5418.1729
1387.2159	5400.4707
1388.0682	5379.6533
1388.9204	5330.5117
1389.7727	5290.0557
1390.625	5309.772
1391.4773	5323.4541
1392.3296	5319.4629
1393.1818	5308.7275
1394.0341	5256.0435
1394.8864	5214.7222
1395.7386	5226.457
1396.5909	5237.1064
1397.4432	5247.5903
1398.2954	5256.6943
1399.1477	5244.71
1400	5232.5005
1400.8523	5240.0039
1401.7046	5247.397
1402.5568	5239.4048
1403.4091	5228.7412
1404.2614	5196.2271
1405.1136	5165.7905
1405.9659	5172.7876
1406.8182	5187.4912
1407.6704	5223.5044
1408.5227	5241.0645
1409.375	5177.3047
1410.2273	5132.23
1411.0796	5172.73
1411.9318	5199.4873
1412.7841	5151.6748
1413.6364	5113.1455
1414.4886	5119.8975
1415.3409	5122.7881
1416.1932	5129.5498
1417.0454	5140.2666
1417.8977	5128.7573
1418.75	5112.7637
1419.6023	5111.502
1420.4546	5115.2549
1421.3068	5115.4912
1422.1591	5103.9844
1423.0114	5059.3916
1423.8636	5022.3281
1424.7159	5028.3545
1425.5682	5039.2163
1426.4204	5048.2451
1427.2727	5042.3481
1428.125	4993.2441
1428.9773	4963.5449
1429.8296	4999.8994
1430.6818	5027.2363
1431.5341	5017.2051
1432.3864	5007.9839
1433.2386	4995.7065
1434.0909	4985.2524
1434.9432	4998.5518
1435.7954	5008.1211
1436.6477	4996.0801
1437.5	4990.9023
1438.3523	4997.4097
1439.2046	4999.6235
1440.0568	4997.3633
1440.9091	4989.6729
1441.7614	4969.605
1442.6136	4941.1797
1443.4659	4894.7114
1444.3182	4868.772
1445.1704	4888.5972
1446.0227	4900.7661
1446.875	4899.2588
1447.7273	4896.7817
1448.5796	4893.7603
1449.4318	4892.7441
1450.2841	4886.4561
1451.1364	4876.0703
1451.9886	4850.4243
1452.8409	4829.2642
1453.6932	4833.7856
1454.5454	4836.0112
1455.3977	4832.4893
1456.25	4835.7236
1457.1023	4846.2881
1457.9546	4845.3906
1458.8068	4824.522
1459.6591	4810.6807
1460.5114	4808.6675
1461.3636	4814.1094
1462.2159	4830.2168
1463.0682	4830.4497
1463.9204	4812.3452
1464.7727	4802.9106
1465.625	4797.6221
1466.4773	4796.0537
1467.3296	4804.6133
1468.1818	4817.9688
1469.0341	4834.5742
1469.8864	4837.1172
1470.7386	4827.0391
1471.5909	4817.9795
1472.4432	4813.6831
1473.2954	4804.1724
1474.1477	4784.0239
1475	4771.5142
1475.8523	4765.4639
1476.7046	4768.0049
1477.5568	4783.1323
1478.4091	4788.2725
1479.2614	4776.4365
1480.1136	4769.209
1480.9659	4775.271
1481.8182	4786.8091
1482.6704	4792.8633
1483.5227	4788.9219
1484.375	4787.1558
1485.2273	4795.3579
1486.0796	4801.9297
1486.9318	4808.6963
1487.7841	4823.3359
1488.6364	4830.957
1489.4886	4826.917
1490.3409	4802.7778
1491.1932	4774.7471
1492.0454	4769.623
1492.8977	4770.1362
1493.75	4774.1001
1494.6023	4781.4175
1495.4546	4781.0376
1496.3068	4782.0488
1497.1591	4815.2256
1498.0114	4853.3862
1498.8636	4847.729
1499.7159	4830.7949
1500.5682	4850.6992
1501.4204	4884.8267
1502.2727	4894.1118
1503.125	4893.8589
1503.9773	4875.6997
1504.8296	4850.416
1505.6818	4850.8828
1506.5341	4859.7354
1507.3864	4866.8564
1508.2386	4877.4819
1509.0909	4883.9619
1509.9432	4885.2271
1510.7954	4901.0586
1511.6477	4917.7129
1512.5	4917.3545
1513.3523	4917.9927
1514.2046	4925.311
1515.0568	4930.7993
1515.9091	4933.9033
1516.7614	4935.6353
1517.6136	4956.3755
1518.4659	4977.7393
1519.3182	4957.9888
1520.1704	4937.4878
1521.0227	4958.6631
1521.875	4981.2856
1522.7273	4978.3271
1523.5796	4973.4307
1524.4318	4977.1567
1525.2841	4986.7383
1526.1364	5016.4175
1526.9886	5042.3945
1527.8409	5075.104
1528.6932	5108.7725
1529.5454	5102.4321
1530.3977	5096.0581
1531.25	5101.8921
1532.1023	5104.1982
1532.9546	5107.2432
1533.8068	5116.5166
1534.6591	5142.9058
1535.5114	5168.1001
1536.3636	5183.0742
1537.2159	5180.3984
1538.0682	5142.8296
1538.9204	5140.1655
1539.7727	5211.7661
1540.625	5249.9453
1541.4773	5226.0737
1542.3296	5233.3198
1543.1818	5280.5596
1544.0341	5314.4565
1544.8864	5337.5742
1545.7386	5351.0532
1546.5909	5348.0044
1547.4432	5364.0107
1548.2954	5407.7222
1549.1477	5433.458
1550	5446.6753
1550.8523	5485.2866
1551.7046	5528.7588
1552.5568	5549.4146
1553.4091	5562.6372
1554.2614	5582.4878
1555.1136	5603.0879
1555.9659	5615.8057
1556.8182	5628.7783
1557.6704	5659.9365
1558.5227	5694.5659
1559.375	5723.0381
1560.2273	5749.5103
1561.0796	5783.7861
1561.9318	5821.4531
1562.7841	5836.6313
1563.6364	5844.0122
1564.4886	5886.2798
1565.3409	5940.7661
1566.1932	5956.7417
1567.0454	5961.7905
1567.8977	5999.9766
1568.75	6043.2729
1569.6023	6085.8521
1570.4546	6128.9883
1571.3068	6137.2944
1572.1591	6147.4956
1573.0114	6214.8618
1573.8636	6273.8633
1574.7159	6256.5356
1575.5682	6242.1323
1576.4204	6273.9419
1577.2727	6312.5264
1578.125	6356.894
1578.9773	6392.6831
1579.8296	6420.4902
1580.6818	6449.063
1581.5341	6455.9365
1582.3864	6465.104
1583.2386	6504.9033
1584.0909	6543.9023
1584.9432	6562.5308
1585.7954	6574.3418
1586.6477	6579.4468
1587.5	6586.1851
1588.3523	6606.6318
1589.2046	6631.9673
1590.0568	6645.2446
1590.9091	6674.605
1591.7614	6729.001
1592.6136	6722.7012
1593.4659	6667.7891
1594.3182	6676.0103
1595.1704	6723.0718
1596.0227	6746.6245
1596.875	6759.6563
1597.7273	6775.4063
1598.5796	6789.9736
1599.4318	6774.9316
1600.2841	6754.7061
1601.1364	6715.439
1601.9886	6664.2813
1602.8409	6664.8345
1603.6932	6677.1079
1604.5454	6682.2788
1605.3977	6686.8901
1606.25	6641.3008
1607.1023	6598.2959
1607.9546	6565.7793
1608.8068	6520.814
1609.6591	6543.0747
1610.5114	6567.8726
1611.3636	6505.0659
1612.2159	6440.5679
1613.0682	6385.499
1613.9204	6331.9185
1614.7727	6280.46
1615.625	6225.1382
1616.4773	6171.085
1617.3296	6133.6792
1618.1818	6131.6289
1619.0341	6099.8198
1619.8864	6016.9761
1620.7386	5949.1689
1621.5909	5888.9531
1622.4432	5825.6611
1623.2954	5765.3931
1624.1477	5715.9111
1625	5682.0596
1625.8523	5642.6206
1626.7046	5591.3467
1627.5568	5547.4834
1628.4091	5515.3926
1629.2614	5470.5015
1630.1136	5418.6968
1630.9659	5367.9805
1631.8182	5314.0483
1632.6704	5279.981
1633.5227	5256.1211
1634.375	5219.9478
1635.2273	5178.8643
1636.0796	5129.9243
1636.9318	5079.5938
1637.7841	5079.7231
1638.6364	5086.9297
1639.4886	5035.9614
1640.3409	4982.293
1641.1932	4963.7886
1642.0454	4946.8521
1642.8977	4943.3398
1643.75	4937.3281
1644.6023	4878.2344
1645.4546	4823.8296
1646.3068	4843.5308
1647.1591	4856.7139
1648.0114	4818.9097
1648.8636	4792.9053
1649.7159	4812.1899
1650.5682	4813.7969
1651.4204	4780.8506
1652.2727	4763.0156
1653.125	4753.5
1653.9773	4746.3462
1654.8296	4759.4775
1655.6818	4755.1729
1656.5341	4725.334
1657.3864	4714.0127
1658.2386	4714.0127
1659.0909	4694.1245
1659.9432	4666.0493
1660.7954	4658.939
1661.6477	4660.7339
1662.5	4672.2822
1663.3523	4689.5508
1664.2046	4670.4497
1665.0568	4640.3247
1665.9091	4653.4585
1666.7614	4678.9824
1667.6136	4666.3862
1668.4659	4641.0469
1669.3182	4627.9556
1670.1704	4619.4741
1671.0227	4626.0269
1671.875	4636.2988
1672.7273	4608.8359
1673.5796	4573.8755
1674.4318	4574.4785
1675.2841	4586.5757
1676.1364	4599.2236
1676.9886	4606.2485
1677.8409	4609.603
1678.6932	4614.3486
1679.5454	4615.6279
1680.3977	4605.3003
1681.25	4585.4136
1682.1023	4573.8037
1682.9546	4571.2158
1683.8068	4574.8276
1684.6591	4579.4663
1685.5114	4577.8892
1686.3636	4568.0698
1687.2159	4573.8154
1688.0682	4601.4683
1688.9204	4610.3623
1689.7727	4603.3911
1690.625	4588.7783
1691.4773	4574.5586
1692.3296	4587.0928
1693.1818	4600.5396
1694.0341	4601.0376
1694.8864	4601.3091
1695.7386	4605.3628
1696.5909	4612.3779
1697.4432	4616.6387
1698.2954	4617.4248
1699.1477	4614.126
1700	4610.0967
1700.8523	4580.5815
1701.7046	4562.3843
1702.5568	4584.9072
1703.4091	4601.7524
1704.2614	4610.291
1705.1136	4612.2607
1705.9659	4609.9297
1706.8182	4606.1509
1707.6704	4585.6885
1708.5227	4566.9551
1709.375	4557.8867
1710.2273	4564.7959
1711.0796	4585.5249
1711.9318	4580.1357
1712.7841	4550.1074
1713.6364	4546.3657
1714.4886	4564.5117
1715.3409	4582.1528
1716.1932	4600.041
1717.0454	4596.0933
1717.8977	4580.7935
1718.75	4572.3359
1719.6023	4569.9917
1720.4546	4581.9536
1721.3068	4590.1812
1722.1591	4575.5356
1723.0114	4561.1436
1723.8636	4570.4502
1724.7159	4576.8232
1725.5682	4573.4419
1726.4204	4569.752
1727.2727	4548.7241
1728.125	4537.2729
1728.9773	4551.8008
1729.8296	4564.8604
1730.6818	4582.519
1731.5341	4599.8022
1732.3864	4617.2051
1733.2386	4609.4976
1734.0909	4574.4238
1734.9432	4589.9341
1735.7954	4636.1816
1736.6477	4621.5864
1737.5	4584.1631
1738.3523	4571.063
1739.2046	4562.7446
1740.0568	4581.9399
1740.9091	4604.6392
1741.7614	4597.8721
1742.6136	4591.9648
1743.4659	4598.9028
1744.3182	4602.6191
1745.1704	4592.5884
1746.0227	4582.8384
1746.875	4598.9697
1747.7273	4621.5322
1748.5796	4644.1699
1749.4318	4655.2842
1750.2841	4655.0239
1751.1364	4641.147
1751.9886	4600.2778
1752.8409	4577.6899
1753.6932	4579.7734
1754.5454	4607.0815
1755.3977	4656.0371
1756.25	4652.2935
1757.1023	4614.7861
1757.9546	4605.5952
1758.8068	4605.3438
1759.6591	4621.3853
1760.5114	4641.9707
1761.3636	4648.769
1762.2159	4657.7617
1763.0682	4668.7153
1763.9204	4674.2407
1764.7727	4656.5854
1765.625	4642.1011
1766.4773	4614.9541
1767.3296	4589.0122
1768.1818	4594.751
1769.0341	4600.9688
1769.8864	4591.0557
1770.7386	4590.9458
1771.5909	4622.7754
1772.4432	4635.3745
1773.2954	4609.2852
1774.1477	4592.2266
1775	4596.4209
1775.8523	4602.0801
1776.7046	4607.8232
1777.5568	4616.2559
1778.4091	4620.1719
1779.2614	4618.7056
1780.1136	4620.0112
1780.9659	4622.9668
1781.8182	4622.4287
1782.6704	4627.4111
1783.5227	4633.2417
1784.375	4629.3193
1785.2273	4627.2588
1786.0796	4625.6909
1786.9318	4618.2983
1787.7841	4604.1836
1788.6364	4595.9058
1789.4886	4611.062
1790.3409	4621.5659
1791.1932	4613.4492
1792.0454	4630.3071
1792.8977	4674.7666
1793.75	4676.6035
1794.6023	4647.0449
1795.4546	4626.8613
1796.3068	4616.6357
1797.1591	4637.1084
1798.0114	4657.5029
1798.8636	4636.2188
1799.7159	4621.7041
1800.5682	4617.5601
1801.4204	4605.1846
1802.2727	4633.0571
1803.125	4656.7769
1803.9773	4628.8066
1804.8296	4619.3232
1805.6818	4644.4668
1806.5341	4642.8838
1807.3864	4618.2305
1808.2386	4610.1758
1809.0909	4605.7217
1809.9432	4610.3848
1810.7954	4632.1343
1811.6477	4634.7837
1812.5	4621.1382
1813.3523	4612.8066
1814.2046	4611.4961
1815.0568	4626.6299
1815.9091	4640.2637
1816.7614	4626.5239
1817.6136	4613.2046
1818.4659	4624.0391
1819.3182	4636.3232
1820.1704	4640.9443
1821.0227	4641.8369
1821.875	4626.0815
1822.7273	4615.3989
1823.5796	4611.1992
1824.4318	4609.3608
1825.2841	4631.6997
1826.1364	4642.3262
1826.9886	4628.6738
1827.8409	4620.7686
1828.6932	4618.4033
1829.5454	4621.0571
1830.3977	4624.2017
1831.25	4605.1572
1832.1023	4581.2524
1832.9546	4592.9873
1833.8068	4611.874
1834.6591	4595.6963
1835.5114	4573.2627
1836.3636	4601.2212
1837.2159	4630.0981
1838.0682	4613.604
1838.9204	4602.1797
1839.7727	4618.2373
1840.625	4624.5718
1841.4773	4606.6895
1842.3296	4609.7988
1843.1818	4638.7651
1844.0341	4643.5913
1844.8864	4632.8062
1845.7386	4630.832
1846.5909	4627.9346
1847.4432	4620.144
1848.2954	4616.9863
1849.1477	4607.4414
1850	4592.0664
1850.8523	4582.3794
1851.7046	4582.1621
1852.5568	4624.4741
1853.4091	4657.8271
1854.2614	4618.9546
1855.1136	4585.873
1855.9659	4616.9565
1856.8182	4645.8501
1857.6704	4654.0269
1858.5227	4650.6982
1859.375	4628.8257
1860.2273	4634.2397
1861.0796	4662.7354
1861.9318	4668.5493
1862.7841	4665.3794
1863.6364	4675.8252
1864.4886	4688.4819
1865.3409	4688.5718
1866.1932	4687.3481
1867.0454	4683.4824
1867.8977	4673.8838
1868.75	4636.0913
1869.6023	4604.0073
1870.4546	4598.7246
1871.3068	4609.1836
1872.1591	4659.0615
1873.0114	4697.7485
1873.8636	4725.4951
1874.7159	4718.9771
1875.5682	4672.9878
1876.4204	4658.1875
1877.2727	4666.9009
1878.125	4694.1865
1878.9773	4723.5332
1879.8296	4737.105
1880.6818	4749.2896
1881.5341	4715.4219
1882.3864	4681.3887
1883.2386	4673.708
1884.0909	4667.8027
1884.9432	4687.9116
1885.7954	4706.7939
1886.6477	4715.791
1887.5	4718.8228
1888.3523	4709.3057
1889.2046	4715.395
1890.0568	4753.2524
1890.9091	4772.6538
1891.7614	4771.0659
1892.6136	4745.9546
1893.4659	4705.6992
1894.3182	4677.8618
1895.1704	4656.2998
1896.0227	4697.6318
1896.875	4743.7202
1897.7273	4750.7798
1898.5796	4756.4131
1899.4318	4751.1118
1900.2841	4743.4351
1901.1364	4745.0254
1901.9886	4741.6401
1902.8409	4726.2686
1903.6932	4719.7632
1904.5454	4724.0068
1905.3977	4736.8477
1906.25	4754.3516
1907.1023	4745.2319
1907.9546	4725.6011
1908.8068	4733.457
1909.6591	4744.1465
1910.5114	4737.0068
1911.3636	4732.5049
1912.2159	4742.5586
1913.0682	4746.1299
1913.9204	4733.3872
1914.7727	4727.1489
1915.625	4727.9375
1916.4773	4716.8013
1917.3296	4684.4033
1918.1818	4676.4546
1919.0341	4704.3433
1919.8864	4731.1313
1920.7386	4752.6504
1921.5909	4746.6411
1922.4432	4724.3203
1923.2954	4692.6641
1924.1477	4671.5776
1925	4693.5898
1925.8523	4710.6475
1926.7046	4718.0767
1927.5568	4722.499
1928.4091	4718.5098
1929.2614	4729.085
1930.1136	4750.8916
1930.9659	4742.4102
1931.8182	4699.0513
1932.6704	4672.8179
1933.5227	4670.4238
1934.375	4690.8457
1935.2273	4712.9321
1936.0796	4697.9932
1936.9318	4685.3379
1937.7841	4688.124
1938.6364	4684.0806
1939.4886	4697.0957
1940.3409	4709.4639
1941.1932	4700.9429
1942.0454	4691.6104
1942.8977	4696.4038
1943.75	4700.1123
1944.6023	4694.2515
1945.4546	4686.5405
1946.3068	4681.2119
1947.1591	4686.3691
1948.0114	4690.3657
1948.8636	4679.6323
1949.7159	4669.4805
1950.5682	4655.415
1951.4204	4644.4912
1952.2727	4621.0059
1953.125	4596.793
1953.9773	4604.7939
1954.8296	4618.5942
1955.6818	4631.1323
1956.5341	4632.3804
1957.3864	4632.1138
1958.2386	4637.1729
1959.0909	4644.9209
1959.9432	4649.6226
1960.7954	4648.5547
1961.6477	4633.1313
1962.5	4615.1792
1963.3523	4612.5049
1964.2046	4610.1748
1965.0568	4626.3291
1965.9091	4638.79
1966.7614	4628.9087
1967.6136	4621.7139
1968.4659	4616.6387
1969.3182	4614.4644
1970.1704	4615.2671
1971.0227	4622.5723
1971.875	4631.6582
1972.7273	4637.1343
1973.5796	4645.687
1974.4318	4630.7349
1975.2841	4607.2002
1976.1364	4596.8398
1976.9886	4590.9897
1977.8409	4583.8193
1978.6932	4586.3467
1979.5454	4612.0215
1980.3977	4620.9985
1981.25	4609.4951
1982.1023	4610.0693
1982.9546	4620.5039
1983.8068	4630.7202
1984.6591	4644.6523
1985.5114	4662.0801
1986.3636	4673.5894
1987.2159	4660.8809
1988.0682	4650.9653
1988.9204	4653.6372
1989.7727	4650.0991
1990.625	4630.2583
1991.4773	4625.2637
1992.3296	4647.4946
1993.1818	4656.0103
1994.0341	4648.2412
1994.8864	4630.561
1995.7386	4616.6084
1996.5909	4661.8403
1997.4432	4716.5083
1998.2954	4675.1348
1999.1477	4625.54
2000	4622.5625
