800	811.9989
800.85229	814.09912
801.70453	813.71704
802.55682	811.84863
803.40912	811.77362
804.26135	816.94714
805.11365	821.27905
805.96588	820.88104
806.81818	821.58167
807.67047	829.70612
808.52271	836.71246
809.375	835.13214
810.22729	832.56293
811.07953	834.32123
811.93182	839.92859
812.78412	836.46356
813.63635	816.13434
814.48865	802.59174
815.34088	811.70709
816.19318	822.24066
817.04547	836.008
817.89771	848.14783
818.75	836.39111
819.60229	823.29755
820.45453	823.60272
821.30682	826.87683
822.15912	824.79919
823.01135	821.99255
823.86365	831.57123
824.71588	847.01208
825.56818	849.14063
826.42047	836.03705
827.27271	828.52527
828.125	828.52539
828.97729	827.2038
829.82953	830.51837
830.68182	833.46979
831.53412	833.8689
832.38635	834.10303
833.23865	833.15851
834.09088	831.05078
834.94318	829.93506
835.79547	829.70074
836.64771	826.38269
837.5	820.28662
838.35229	819.33569
839.20453	827.30261
840.05682	833.2453
840.90912	823.40155
841.76135	811.29236
842.61365	819.966
843.46588	829.00604
844.31818	833.45099
845.17047	836.93927
846.02271	822.41681
846.875	803.422
847.72729	814.49677
848.57953	832.08722
849.43182	832.13531
850.28412	825.33209
851.13635	820.77991
851.98865	821.24438
852.84088	822.83636
853.69318	824.47906
854.54547	827.45941
855.39771	831.68585
856.25	836.04053
857.10229	841.90979
857.95453	846.47583
858.80682	840.09882
859.65912	833.28906
860.51135	842.75531
861.36365	852.15021
862.21588	853.2851
863.06818	854.45984
863.92047	853.66754
864.77271	849.67322
865.625	840.1731
866.47729	830.30347
867.32953	832.28827
868.18182	848.27917
869.03412	859.96283
869.88635	854.32031
870.73865	847.94153
871.59088	840.02942
872.44318	832.38837
873.29547	829.86438
874.14771	827.51587
875	832.91058
875.85229	841.84961
876.70453	851.59534
877.55682	861.95898
878.40912	867.3678
879.26135	865.95563
880.11365	863.56317
880.96588	862.6217
881.81818	861.05914
882.67047	858.70251
883.52271	857.86554
884.375	857.15442
885.22729	855.36963
886.07953	864.90765
886.93182	874.48157
887.78412	875.43567
888.63635	874.96448
889.48865	862.27356
890.34088	846.01331
891.19318	846.62238
892.04547	856.0589
892.89771	859.80133
893.75	858.15149
894.60229	858.9093
895.45453	862.20972
896.30682	862.50574
897.15912	858.25916
898.01135	856.09283
898.86365	861.28601
899.71588	866.58228
900.56818	868.70508
901.42047	871.19958
902.27271	878.17853
903.125	884.93408
903.97729	873.54034
904.82953	859.37018
905.68182	867.40442
906.53412	882.98102
907.38635	880.04968
908.23865	867.76563
909.09088	863.69189
909.94318	865.34491
910.79547	864.91791
911.64771	865.62628
912.5	867.28265
913.35229	862.32544
914.20453	856.93823
915.05682	856.70251
915.90912	855.88531
916.76135	855.88434
917.61365	856.49115
918.46588	854.51044
919.31818	850.73401
920.17047	850.02863
921.02271	853.82172
921.875	860.22418
922.72729	865.89844
923.57953	867.53882
924.43182	862.33002
925.28412	862.76953
926.13635	873.41278
926.98865	873.07471
927.84088	856.0307
928.69318	848.2124
929.54547	858.62427
930.39771	864.95422
931.25	864.48083
932.10229	865.7561
932.95453	870.59723
933.80682	874.39172
934.65912	871.65088
935.51135	869.04663
936.36365	871.47662
937.21588	874.31958
938.06818	884.12354
938.92047	894.54425
939.77271	887.74078
940.625	874.46179
941.47729	875.85699
942.32953	889.13354
943.18182	892.51819
944.03412	882.79346
944.88635	878.59747
945.73865	881.2005
946.59088	883.0376
947.44318	888.7298
948.29547	893.83105
949.14771	891.51147
950	889.30267
950.85229	894.93146
951.70453	901.10272
952.55682	896.28754
953.40912	890.59326
954.26135	883.57306
955.11365	877.15771
955.96588	885.27875
956.81818	896.90576
957.67047	897.33368
958.52271	892.58069
959.375	892.15991
960.22729	896.19916
961.07953	900.22644
961.93182	900.23151
962.78412	898.08087
963.63635	895.94489
964.48865	894.09149
965.34088	891.4762
966.19318	889.96057
967.04547	893.09821
967.89771	895.52649
968.75	894.32593
969.60229	894.32593
970.45453	901.43073
971.30682	909.03644
972.15912	907.41895
973.01135	904.08728
973.86365	906.06128
974.71588	908.67975
975.56818	909.84442
976.42047	906.98077
977.27271	905.07758
978.125	908.64728
978.97729	908.62714
979.82953	903.39453
980.68182	900.44849
981.53412	901.40131
982.38635	903.63879
983.23865	907.05615
984.09088	908.70685
984.94318	908.80603
985.79547	910.0907
986.64771	912.60968
987.5	914.27826
988.35229	914.83868
989.20453	913.17584
990.05682	910.0788
990.90912	909.12976
991.76135	916.79926
992.61365	929.20142
993.46588	933.29163
994.31818	926.6214
995.17047	929.21985
996.02271	944.23682
996.875	948.19843
997.72729	935.31183
998.57953	928.2887
999.43182	932.58789
1000.2841	935.24817
1001.1364	949.57306
1001.9886	962.6319
1002.8409	954.20703
1003.6932	945.05902
1004.5455	942.30499
1005.3977	938.72968
1006.25	946.61847
1007.1023	957.12012
1007.9545	958.71399
1008.8068	957.51935
1009.6591	948.76172
1010.5114	938.24957
1011.3636	937.96741
1012.2159	943.94287
1013.0682	947.16815
1013.9205	945.4917
1014.7727	943.59949
1015.625	942.40387
1016.4773	939.76526
1017.3295	935.94
1018.1818	933.73944
1019.0341	944.5033
1019.8864	956.84528
1020.7386	964.62238
1021.5909	970.05505
1022.4432	949.93439
1023.2955	929.13721
1024.1477	937.57855
1025	949.54559
1025.8523	954.05743
1026.7046	956.69
1027.5568	956.40088
1028.4091	956.16437
1029.2614	964.47534
1030.1136	974.53259
1030.9659	974.01331
1031.8182	968.74353
1032.6704	968.78015
1033.5227	973.81079
1034.375	977.43237
1035.2273	973.60919
1036.0796	965.07758
1036.9318	957.64801
1037.7841	956.88934
1038.6364	975.34113
1039.4886	992.65894
1040.3409	982.34955
1041.1932	970.93073
1042.0454	970.78119
1042.8977	971.61884
1043.75	965.93903
1044.6023	959.26166
1045.4546	972.15155
1046.3068	987.01764
1047.1591	984.66412
1048.0114	981.54486
1048.8636	984.32574
1049.7159	984.08569
1050.5682	979.37708
1051.4204	973.1366
1052.2727	967.44379
1053.125	962.88245
1053.9773	968.12451
1054.8296	988.53577
1055.6818	995.04926
1056.5341	974.63446
1057.3864	963.41357
1058.2386	974.46295
1059.0909	982.21948
1059.9432	977.17419
1060.7954	976.70203
1061.6477	999.05066
1062.5	1017.7545
1063.3523	1007.5388
1064.2046	997.34821
1065.0568	996.28931
1065.9091	995.08881
1066.7614	985.63104
1067.6136	977.4563
1068.4659	990.44574
1069.3182	1007.04
1070.1704	1014.6511
1071.0227	1020.6649
1071.875	1033.0717
1072.7273	1043.176
1073.5796	1035.6281
1074.4318	1018.3017
1075.2841	1006.7074
1076.1364	1004.7817
1076.9886	1013.6174
1077.8409	1034.3195
1078.6932	1045.6208
1079.5454	1037.1937
1080.3977	1035.0698
1081.25	1043.9801
1082.1023	1049.1947
1082.9546	1056.9021
1083.8068	1063.2104
1084.6591	1051.8876
1085.5114	1042.9689
1086.3636	1048.8307
1087.2159	1052.908
1088.0682	1033.2358
1088.9204	1013.191
1089.7727	1033.7908
1090.625	1057.6549
1091.4773	1057.871
1092.3296	1055.7067
1093.1818	1048.5829
1094.0341	1036.5253
1094.8864	1047.6896
1095.7386	1070.3615
1096.5909	1077.5459
1097.4432	1078.9934
1098.2954	1082.6953
1099.1477	1084.8669
1100	1092.9882
1100.8523	1105.7783
1101.7046	1112.6241
1102.5568	1116.4856
1103.4091	1115.2654
1104.2614	1094.5026
1105.1136	1079.6128
1105.9659	1084.449
1106.8182	1089.8918
1107.6704	1105.1069
1108.5227	1120.2327
1109.375	1118.8654
1110.2273	1115.4694
1111.0796	1122.7494
1111.9318	1132.8699
1112.7841	1139.3992
1113.6364	1143.0923
1114.4886	1137.5651
1115.3409	1132.006
1116.1932	1143.3567
1117.0454	1158.3447
1117.8977	1165.1035
1118.75	1168.4888
1119.6023	1160.1324
1120.4546	1149.2366
1121.3068	1156.3617
1122.1591	1169.4233
1123.0114	1179.5001
1123.8636	1189.1771
1124.7159	1199.0764
1125.5682	1209.9657
1126.4204	1210.3142
1127.2727	1199.4236
1128.125	1195.2554
1128.9773	1198.4066
1129.8296	1199.1635
1130.6818	1197.9552
1131.5341	1200.9517
1132.3864	1213.5436
1133.2386	1226.4014
1134.0909	1238.5122
1134.9432	1249.0544
1135.7954	1253.6781
1136.6477	1257.3492
1137.5	1249.6844
1138.3523	1242.5287
1139.2046	1266.6733
1140.0568	1294.1449
1140.9091	1296.2952
1141.7614	1292.9014
1142.6136	1293.542
1143.4659	1295.9664
1144.3182	1302.1565
1145.1704	1309.6783
1146.0227	1314.5765
1146.875	1318.4587
1147.7273	1332.74
1148.5796	1350.9341
1149.4318	1353.0913
1150.2841	1348.7147
1151.1364	1355.2869
1151.9886	1368.8856
1152.8409	1379.8657
1153.6932	1385.4479
1154.5454	1388.6653
1155.3977	1389.3977
1156.25	1393.9423
1157.1023	1408.2783
1157.9546	1418.4436
1158.8068	1417.4722
1159.6591	1419.7758
1160.5114	1434.1133
1161.3636	1445.6273
1162.2159	1445.873
1163.0682	1448.714
1163.9204	1465.7239
1164.7727	1481.7933
1165.625	1480.1611
1166.4773	1475.396
1167.3296	1458.1044
1168.1818	1442.1912
1169.0341	1442.6492
1169.8864	1444.1827
1170.7386	1449.7312
1171.5909	1453.3898
1172.4432	1472.1387
1173.2954	1495.5031
1174.1477	1501.8988
1175	1505.0619
1175.8523	1506.5734
1176.7046	1504.3809
1177.5568	1510.4906
1178.4091	1525.3369
1179.2614	1523.3655
1180.1136	1506.5673
1180.9659	1515.47
1181.8182	1546.1681
1182.6704	1556.7031
1183.5227	1550.1204
1184.375	1551.8561
1185.2273	1557.2092
1186.0796	1559.8601
1186.9318	1563.7579
1187.7841	1566.3948
1188.6364	1566.1509
1189.4886	1566.074
1190.3409	1566.074
1191.1932	1564.7584
1192.0454	1562.3181
1192.8977	1564.6489
1193.75	1579.0332
1194.6023	1590.4323
1195.4546	1579.7054
1196.3068	1572.4158
1197.1591	1604.386
1198.0114	1633.6365
1198.8636	1636.6553
1199.7159	1640.21
1200.5682	1649.9692
1201.4204	1658.4937
1202.2727	1656.0328
1203.125	1654.4523
1203.9773	1665.1888
1204.8296	1675.328
1205.6818	1662.6735
1206.5341	1648.9928
1207.3864	1664.3358
1208.2386	1687.3118
1209.0909	1691.3198
1209.9432	1686.9188
1210.7954	1698.7174
1211.6477	1715.0829
1212.5	1705.9369
1213.3523	1691.2615
1214.2046	1702.6511
1215.0568	1720.7533
1215.9091	1727.5463
1216.7614	1730.235
1217.6136	1737.1967
1218.4659	1748.6899
1219.3182	1761.1793
1220.1704	1771.6929
1221.0227	1780.9457
1221.875	1788.7806
1222.7273	1790.3898
1223.5796	1790.879
1224.4318	1790.5176
1225.2841	1787.3335
1226.1364	1791.9507
1226.9886	1808.5962
1227.8409	1827.0859
1228.6932	1836.129
1229.5454	1836.4633
1230.3977	1835.9729
1231.25	1846.7247
1232.1023	1871.9679
1232.9546	1887.3962
1233.8068	1886.1807
1234.6591	1886.9469
1235.5114	1897.9818
1236.3636	1912.4291
1237.2159	1923.3656
1238.0682	1932.8439
1238.9204	1926.2561
1239.7727	1919.994
1240.625	1939.9144
1241.4773	1958.5641
1242.3296	1951.028
1243.1818	1946.6429
1244.0341	1950.8976
1244.8864	1948.5513
1245.7386	1946.0072
1246.5909	1950.9166
1247.4432	1957.6139
1248.2954	1959.3386
1249.1477	1951.397
1250	1946.0084
1250.8523	1966.7991
1251.7046	1987.4315
1252.5568	1988.9641
1253.4091	1992.8773
1254.2614	1994.1628
1255.1136	1987.0297
1255.9659	1997.7134
1256.8182	2018.3573
1257.6704	2018.9197
1258.5227	2011.7915
1259.375	2018.1053
1260.2273	2033.3314
1261.0796	2051.0603
1261.9318	2065.0605
1262.7841	2066.1533
1263.6364	2060.989
1264.4886	2055.1162
1265.3409	2050.1956
1266.1932	2064.9946
1267.0454	2095.2571
1267.8977	2095.7817
1268.75	2059.3875
1269.6023	2048.0437
1270.4546	2079.2927
1271.3068	2111.0996
1272.1591	2133.5022
1273.0114	2130.063
1273.8636	2098.0518
1274.7159	2084.2004
1275.5682	2087.4011
1276.4204	2091.7361
1277.2727	2105.7703
1278.125	2116.9092
1278.9773	2128.738
1279.8296	2141.6353
1280.6818	2144.3464
1281.5341	2139.894
1282.3864	2114.7544
1283.2386	2099.6887
1284.0909	2129.27
1284.9432	2152.4519
1285.7954	2138.1514
1286.6477	2125.533
1287.5	2138.1096
1288.3523	2147.8838
1289.2046	2137.4551
1290.0568	2131.1892
1290.9091	2132.5137
1291.7614	2131.2563
1292.6136	2148.3792
1293.4659	2170.082
1294.3182	2195.7241
1295.1704	2216.739
1296.0227	2181.5093
1296.875	2144.5645
1297.7273	2155.8694
1298.5796	2170.6035
1299.4318	2164.6619
1300.2841	2156.793
1301.1364	2177.0737
1301.9886	2202.6287
1302.8409	2192.437
1303.6932	2179.5923
1304.5454	2210.3247
1305.3977	2242.198
1306.25	2237.1479
1307.1023	2229.2402
1307.9546	2244.8469
1308.8068	2260.1704
1309.6591	2267.6221
1310.5114	2276.2747
1311.3636	2304.4409
1312.2159	2343.5103
1313.0682	2331.5154
1313.9204	2297.387
1314.7727	2301.741
1315.625	2321.2825
1316.4773	2352.6487
1317.3296	2385.5525
1318.1818	2378.749
1319.0341	2357.7151
1319.8864	2370.0945
1320.7386	2396.0815
1321.5909	2408.4558
1322.4432	2419.8433
1323.2954	2421.3914
1324.1477	2413.7158
1325	2425.687
1325.8523	2445.2512
1326.7046	2451.334
1327.5568	2453.0679
1328.4091	2460.8005
1329.2614	2476.1606
1330.1136	2485.0713
1330.9659	2487.054
1331.8182	2499.8386
1332.6704	2520.4082
1333.5227	2540.3499
1334.375	2554.7268
1335.2273	2561.3374
1336.0796	2565.8
1336.9318	2562.8901
1337.7841	2550.4919
1338.6364	2554.1328
1339.4886	2575.9578
1340.3409	2589.3162
1341.1932	2590.563
1342.0454	2593.0999
1342.8977	2609.2273
1343.75	2618.5186
1344.6023	2600.873
1345.4546	2597.4519
1346.3068	2625.5002
1347.1591	2642.0557
1348.0114	2633.6145
1348.8636	2625.1746
1349.7159	2618.7183
1350.5682	2616.3352
1351.4204	2627.0134
1352.2727	2639.9509
1353.125	2653.3728
1353.9773	2652.772
1354.8296	2624.4485
1355.6818	2602.3047
1356.5341	2594.3501
1357.3864	2594.4968
1358.2386	2608.415
1359.0909	2615.4194
1359.9432	2617.6558
1360.7954	2622.363
1361.6477	2620.6221
1362.5	2616.1892
1363.3523	2610.7131
1364.2046	2613.0352
1365.0568	2635.4338
1365.9091	2651.5449
1366.7614	2645.5742
1367.6136	2635.2881
1368.4659	2621.3557
1369.3182	2605.8418
1370.1704	2577.7068
1371.0227	2560.4004
1371.875	2580.5735
1372.7273	2590.1731
1373.5796	2560.5461
1374.4318	2534.6646
1375.2841	2532.9216
1376.1364	2528.8667
1376.9886	2518.6392
1377.8409	2519.9836
1378.6932	2535.4158
1379.5454	2541.1448
1380.3977	2539.6501
1381.25	2536.5706
1382.1023	2502.9304
1382.9546	2472.0781
1383.8068	2481.7898
1384.6591	2489.0503
1385.5114	2480.3303
1386.3636	2473.4299
1387.2159	2449.9939
1388.0682	2426.2783
1388.9204	2413.5544
1389.7727	2398.9966
1390.625	2381.0298
1391.4773	2367.9585
1392.3296	2382.428
1393.1818	2396.0776
1394.0341	2393.0867
1394.8864	2382.1648
1395.7386	2337.968
1396.5909	2305.8645
1397.4432	2329.8284
1398.2954	2343.4417
1399.1477	2306.9663
1400	2279.1482
1400.8523	2292.885
1401.7046	2303.6487
1402.5568	2305.8965
1403.4091	2305.196
1404.2614	2281.436
1405.1136	2260.3389
1405.9659	2265.5862
1406.8182	2268.2505
1407.6704	2253.4941
1408.5227	2238.7227
1409.375	2221.468
1410.2273	2208.874
1411.0796	2212.874
1411.9318	2211.2625
1412.7841	2193.2388
1413.6364	2180.5703
1414.4886	2192.075
1415.3409	2203.8501
1416.1932	2208.3577
1417.0454	2209.5542
1417.8977	2206.0513
1418.75	2200.6563
1419.6023	2186.1289
1420.4546	2177.6716
1421.3068	2177.1577
1422.1591	2169.1802
1423.0114	2158.3945
1423.8636	2154.6897
1424.7159	2143.3958
1425.5682	2127.5779
1426.4204	2110.541
1427.2727	2097.085
1428.125	2112.3804
1428.9773	2129.146
1429.8296	2135.9207
1430.6818	2135.8337
1431.5341	2105.4922
1432.3864	2081.2651
1433.2386	2099.0596
1434.0909	2116.9753
1434.9432	2129.77
1435.7954	2135.8567
1436.6477	2115.032
1437.5	2090.6201
1438.3523	2062.5334
1439.2046	2048.7148
1440.0568	2051.979
1440.9091	2047.2317
1441.7614	2042.2146
1442.6136	2036.6792
1443.4659	2033.1635
1444.3182	2034.6851
1445.1704	2025.9019
1446.0227	2009.5131
1446.875	1998.2057
1447.7273	1995.4324
1448.5796	2009.9963
1449.4318	2015.1472
1450.2841	1990.275
1451.1364	1973.0389
1451.9886	1978.5706
1452.8409	1987.2676
1453.6932	1996.0582
1454.5454	1992.2384
1455.3977	1963.0614
1456.25	1938.4816
1457.1023	1929.4242
1457.9546	1927.8716
1458.8068	1933.3964
1459.6591	1938.3162
1460.5114	1947.3763
1461.3636	1948.918
1462.2159	1938.5985
1463.0682	1927.1415
1463.9204	1909.7792
1464.7727	1897.8846
1465.625	1892.0931
1466.4773	1886.1172
1467.3296	1885.3583
1468.1818	1880.5698
1469.0341	1868.7395
1469.8864	1865.173
1470.7386	1872.2274
1471.5909	1883.0819
1472.4432	1902.718
1473.2954	1901.9279
1474.1477	1869.4249
1475	1855.5524
1475.8523	1863.1143
1476.7046	1865.2563
1477.5568	1866.7689
1478.4091	1865.2675
1479.2614	1857.4563
1480.1136	1853.9011
1480.9659	1857.1825
1481.8182	1849.464
1482.6704	1828.2723
1483.5227	1823.3573
1484.375	1835.4691
1485.2273	1835.366
1486.0796	1826.28
1486.9318	1820.1168
1487.7841	1813.5563
1488.6364	1825.5415
1489.4886	1850.0304
1490.3409	1851.574
1491.1932	1839.2
1492.0454	1835.2256
1492.8977	1837.2417
1493.75	1843.411
1494.6023	1847.1863
1495.4546	1852.8739
1496.3068	1863.738
1497.1591	1863.3765
1498.0114	1857.5638
1498.8636	1853.1528
1499.7159	1847.8447
1500.5682	1842.2742
1501.4204	1839.4934
1502.2727	1861.5991
1503.125	1887.1316
1503.9773	1868.522
1504.8296	1844.7804
1505.6818	1845.078
1506.5341	1845.5835
1507.3864	1859.0215
1508.2386	1874.7067
1509.0909	1875.3082
1509.9432	1877.8386
1510.7954	1870.3198
1511.6477	1855.8658
1512.5	1851.0566
1513.3523	1848.7656
1514.2046	1857.3829
1515.0568	1870.8433
1515.9091	1890.6133
1516.7614	1906.7744
1517.6136	1901.7148
1518.4659	1897.7466
1519.3182	1905.2001
1520.1704	1910.8373
1521.0227	1907.8767
1521.875	1905.3136
1522.7273	1894.7368
1523.5796	1888.3019
1524.4318	1902.7043
1525.2841	1912.6188
1526.1364	1918.9282
1526.9886	1924.8564
1527.8409	1939.0557
1528.6932	1954.1691
1529.5454	1960.0024
1530.3977	1963.7408
1531.25	1950.8042
1532.1023	1940.0977
1532.9546	1954.5588
1533.8068	1968.4498
1534.6591	1970.2261
1535.5114	1976.8387
1536.3636	1991.8134
1537.2159	2008.7874
1538.0682	2031.6332
1538.9204	2044.5862
1539.7727	2048.6494
1540.625	2051.9495
1541.4773	2049.6641
1542.3296	2068.2913
1543.1818	2110.4509
1544.0341	2136.7444
1544.8864	2146.144
1545.7386	2159.1665
1546.5909	2178.7302
1547.4432	2180.4392
1548.2954	2163.158
1549.1477	2185.7981
1550	2244.7676
1550.8523	2272.8455
1551.7046	2275.8962
1552.5568	2286.0593
1553.4091	2300.0447
1554.2614	2318.0464
1555.1136	2339.155
1555.9659	2362.2942
1556.8182	2387.7307
1557.6704	2420.7859
1558.5227	2451.3499
1559.375	2479.6206
1560.2273	2515.5364
1561.0796	2546.7502
1561.9318	2571.1833
1562.7841	2605.8469
1563.6364	2646.832
1564.4886	2655.9875
1565.3409	2657.0061
1566.1932	2696.8269
1567.0454	2738.9546
1567.8977	2776.301
1568.75	2819.1265
1569.6023	2859.8093
1570.4546	2895.2605
1571.3068	2938.199
1572.1591	2979.7957
1573.0114	2993.511
1573.8636	3012.6228
1574.7159	3043.2771
1575.5682	3074.4648
1576.4204	3118.8259
1577.2727	3155.5032
1578.125	3177.9421
1578.9773	3204.7227
1579.8296	3248.3557
1580.6818	3288.4746
1581.5341	3305.5681
1582.3864	3317.4683
1583.2386	3336.0938
1584.0909	3373.1658
1584.9432	3440.7922
1585.7954	3479.4209
1586.6477	3460.7903
1587.5	3454.7146
1588.3523	3458.0352
1589.2046	3489.1362
1590.0568	3571.8608
1590.9091	3627.425
1591.7614	3645.302
1592.6136	3647.3909
1593.4659	3639.4734
1594.3182	3653.9539
1595.1704	3682.3438
1596.0227	3694.6248
1596.875	3702.0359
1597.7273	3730.6895
1598.5796	3763.147
1599.4318	3761.0889
1600.2841	3747.2783
1601.1364	3725.3494
1601.9886	3700.2798
1602.8409	3713.9668
1603.6932	3736.2129
1604.5454	3718.6199
1605.3977	3697.3704
1606.25	3665.0623
1607.1023	3624.6702
1607.9546	3608.7283
1608.8068	3600.5068
1609.6591	3557.9805
1610.5114	3511.165
1611.3636	3493.4966
1612.2159	3473.2009
1613.0682	3397.1682
1613.9204	3326.0256
1614.7727	3300.7849
1615.625	3268.2009
1616.4773	3202.0923
1617.3296	3138.2625
1618.1818	3088.5742
1619.0341	3033.895
1619.8864	2956.9504
1620.7386	2891.9929
1621.5909	2862.7832
1622.4432	2822.4233
1623.2954	2750.3738
1624.1477	2684.0762
1625	2631.7561
1625.8523	2570.0085
1626.7046	2494.1228
1627.5568	2436.8291
1628.4091	2406.2798
1629.2614	2364.8467
1630.1136	2305.3486
1630.9659	2266.2441
1631.8182	2241.3325
1632.6704	2192.002
1633.5227	2135.302
1634.375	2104.8687
1635.2273	2081.5063
1636.0796	2062.4114
1636.9318	2046.2346
1637.7841	1993.0024
1638.6364	1930.8429
1639.4886	1910.3655
1640.3409	1894.954
1641.1932	1856.9768
1642.0454	1818.5841
1642.8977	1797.8245
1643.75	1775.8342
1644.6023	1759.0457
1645.4546	1748.056
1646.3068	1745.2655
1647.1591	1739.1726
1648.0114	1699.8383
1648.8636	1666.9181
1649.7159	1683.6444
1650.5682	1691.6602
1651.4204	1662.3176
1652.2727	1631.2159
1653.125	1604.7311
1653.9773	1583.1879
1654.8296	1561.3021
1655.6818	1544.0779
1656.5341	1538.4188
1657.3864	1532.8094
1658.2386	1525.8547
1659.0909	1519.2869
1659.9432	1511.0525
1660.7954	1489.1509
1661.6477	1460.8279
1662.5	1443.8683
1663.3523	1432.528
1664.2046	1439.1439
1665.0568	1450.7301
1665.9091	1449.2252
1666.7614	1443.5531
1667.6136	1423.7235
1668.4659	1404.6472
1669.3182	1403.5323
1670.1704	1402.1019
1671.0227	1393.9525
1671.875	1388.6298
1672.7273	1385.2455
1673.5796	1378.726
1674.4318	1383.3572
1675.2841	1390.5371
1676.1364	1397.248
1676.9886	1394.4156
1677.8409	1362.6722
1678.6932	1342.1418
1679.5454	1345.7515
1680.3977	1341.1709
1681.25	1322.8346
1682.1023	1324.2614
1682.9546	1350.86
1683.8068	1357.4211
1684.6591	1347.3596
1685.5114	1340.2675
1686.3636	1330.7068
1687.2159	1335.7809
1688.0682	1356.1974
1688.9204	1359.5795
1689.7727	1349.5098
1690.625	1342.9114
1691.4773	1339.2917
1692.3296	1343.9926
1693.1818	1349.6816
1694.0341	1349.0977
1694.8864	1348.6656
1695.7386	1334.2144
1696.5909	1320.7673
1697.4432	1323.9456
1698.2954	1326.1185
1699.1477	1320.3441
1700	1313.791
1700.8523	1316.2744
1701.7046	1320.7875
1702.5568	1320.7932
1703.4091	1317.5835
1704.2614	1310.5985
1705.1136	1304.9908
1705.9659	1304.4729
1706.8182	1308.5674
1707.6704	1314.7838
1708.5227	1313.8103
1709.375	1310.4423
1710.2273	1309.5402
1711.0796	1303.8391
1711.9318	1288.698
1712.7841	1270.049
1713.6364	1281.17
1714.4886	1305.5134
1715.3409	1307.0889
1716.1932	1304.2366
1717.0454	1288.642
1717.8977	1267.3785
1718.75	1281.5728
1719.6023	1298.8019
1720.4546	1292.6808
1721.3068	1287.6482
1722.1591	1282.6549
1723.0114	1279.6177
1723.8636	1269.3512
1724.7159	1259.2881
1725.5682	1265.2554
1726.4204	1267.1927
1727.2727	1264.8563
1728.125	1264.8657
1728.9773	1260.1886
1729.8296	1254.2933
1730.6818	1253.2545
1731.5341	1255.1451
1732.3864	1255.405
1733.2386	1254.7034
1734.0909	1254.1836
1734.9432	1251.5536
1735.7954	1249.2151
1736.6477	1251.7914
1737.5	1254.13
1738.3523	1246.0503
1739.2046	1235.9124
1740.0568	1228.0397
1740.9091	1221.4626
1741.7614	1226.751
1742.6136	1232.8999
1743.4659	1239.0023
1744.3182	1247.7214
1745.1704	1265.7662
1746.0227	1276.0444
1746.875	1253.6688
1747.7273	1237.9713
1748.5796	1249.6813
1749.4318	1256.5469
1750.2841	1245.8759
1751.1364	1239.4521
1751.9886	1239.7123
1752.8409	1239.6007
1753.6932	1240.1215
1754.5454	1241.6272
1755.3977	1245.2728
1756.25	1248.1608
1757.1023	1250.7655
1757.9546	1245.5244
1758.8068	1236.9189
1759.6591	1223.796
1760.5114	1206.8438
1761.3636	1209.7769
1762.2159	1220.4155
1763.0682	1224.5245
1763.9204	1225.996
1764.7727	1235.9381
1765.625	1245.4121
1766.4773	1245.6602
1767.3296	1242.4441
1768.1818	1223.4056
1769.0341	1212.7843
1769.8864	1220.8701
1770.7386	1224.2903
1771.5909	1220.3767
1772.4432	1222.5214
1773.2954	1235.3114
1774.1477	1243.072
1775	1242.8052
1775.8523	1240.1278
1776.7046	1236.9955
1777.5568	1224.9265
1778.4091	1210.827
1779.2614	1224.3112
1780.1136	1242.8508
1780.9659	1244.7004
1781.8182	1246.1791
1782.6704	1239.4047
1783.5227	1234.0952
1784.375	1230.136
1785.2273	1223.0142
1786.0796	1214.652
1786.9318	1209.3619
1787.7841	1214.3282
1788.6364	1222.5129
1789.4886	1235.0726
1790.3409	1236.262
1791.1932	1226.5931
1792.0454	1226.4371
1792.8977	1228.2672
1793.75	1221.8744
1794.6023	1211.9342
1795.4546	1203.5498
1796.3068	1196.4818
1797.1591	1219.7346
1798.0114	1251.6675
1798.8636	1235.8741
1799.7159	1215.0923
1800.5682	1202.3485
1801.4204	1190.396
1802.2727	1197.4371
1803.125	1202.3353
1803.9773	1189.5258
1804.8296	1183.5867
1805.6818	1199.5631
1806.5341	1208.3872
1807.3864	1204.7155
1808.2386	1200.8083
1809.0909	1193.4718
1809.9432	1195.9174
1810.7954	1210.0677
1811.6477	1215.0037
1812.5	1212.6418
1813.3523	1206.6835
1814.2046	1200.3917
1815.0568	1204.24
1815.9091	1210.533
1816.7614	1203.4835
1817.6136	1193.6359
1818.4659	1193.3888
1819.3182	1193.6326
1820.1704	1204.3329
1821.0227	1211.9679
1821.875	1196.2183
1822.7273	1186.4946
1823.5796	1190.1687
1824.4318	1196.1927
1825.2841	1212.2231
1826.1364	1218.7458
1826.9886	1212.9698
1827.8409	1208.9429
1828.6932	1204.2145
1829.5454	1208.2397
1830.3977	1216.6432
1831.25	1209.2365
1832.1023	1197.4158
1832.9546	1199.8806
1833.8068	1205.9054
1834.6591	1203.4094
1835.5114	1200.2535
1836.3636	1198.4331
1837.2159	1195.4188
1838.0682	1199.7435
1838.9204	1205.7932
1839.7727	1199.2114
1840.625	1192.1978
1841.4773	1191.9348
1842.3296	1186.5806
1843.1818	1177.6272
1844.0341	1183.3816
1844.8864	1199.6914
1845.7386	1195.4106
1846.5909	1176.4426
1847.4432	1182.4409
1848.2954	1204.2841
1849.1477	1211.9159
1850	1213.0973
1850.8523	1218.3357
1851.7046	1221.9353
1852.5568	1208.1407
1853.4091	1193.6079
1854.2614	1196.442
1855.1136	1198.8911
1855.9659	1194.9399
1856.8182	1190.4731
1857.6704	1189.4185
1858.5227	1198.2069
1859.375	1210.0656
1860.2273	1209.0271
1861.0796	1201.9032
1861.9318	1195.3607
1862.7841	1190.6088
1863.6364	1188.8521
1864.4886	1188.8586
1865.3409	1199.9836
1866.1932	1212.6719
1867.0454	1214.4329
1867.8977	1213.7662
1868.75	1205.1367
1869.6023	1199.1667
1870.4546	1207.6199
1871.3068	1211.1119
1872.1591	1212.1676
1873.0114	1207.8036
1873.8636	1188.7776
1874.7159	1187.3745
1875.5682	1207.462
1876.4204	1209.9905
1877.2727	1197.0525
1878.125	1199.1511
1878.9773	1208.1404
1879.8296	1216.7634
1880.6818	1226.913
1881.5341	1211.4078
1882.3864	1196.3588
1883.2386	1219.2094
1884.0909	1234.0553
1884.9432	1204.4218
1885.7954	1189.9905
1886.6477	1209.5734
1887.5	1216.7627
1888.3523	1208.0383
1889.2046	1207.8813
1890.0568	1213.9703
1890.9091	1220.2413
1891.7614	1226.8604
1892.6136	1220.3552
1893.4659	1210.5565
1894.3182	1213.8004
1895.1704	1219.8921
1896.0227	1217.012
1896.875	1213.1584
1897.7273	1221.066
1898.5796	1229.3353
1899.4318	1221.9143
1900.2841	1214.2885
1901.1364	1212.1676
1901.9886	1212.532
1902.8409	1213.0684
1903.6932	1210.1892
1904.5454	1206.4803
1905.3977	1209.7231
1906.25	1218.4755
1907.1023	1211.4376
1907.9546	1195.2552
1908.8068	1204.3779
1909.6591	1222.4436
1910.5114	1205.7435
1911.3636	1185.1919
1912.2159	1212.5022
1913.0682	1236.0134
1913.9204	1217.1748
1914.7727	1205.7228
1915.625	1208.6345
1916.4773	1209.7177
1917.3296	1213.9666
1918.1818	1215.1116
1919.0341	1209.7994
1919.8864	1204.3131
1920.7386	1198.9998
1921.5909	1195.7174
1922.4432	1198.9072
1923.2954	1218.4731
1924.1477	1231.6791
1925	1222.0858
1925.8523	1207.1975
1926.7046	1194.9442
1927.5568	1191.6354
1928.4091	1199.3468
1929.2614	1197.7834
1930.1136	1185.8159
1930.9659	1194.022
1931.8182	1223.0156
1932.6704	1222.9023
1933.5227	1204.0123
1934.375	1198.7566
1935.2273	1195.8295
1936.0796	1197.1289
1936.9318	1203.3499
1937.7841	1207.6971
1938.6364	1210.276
1939.4886	1197.7795
1940.3409	1189.8589
1941.1932	1197.5811
1942.0454	1195.2644
1942.8977	1182.2144
1943.75	1178.9056
1944.6023	1180.504
1945.4546	1189.0172
1946.3068	1202.8722
1947.1591	1194.8319
1948.0114	1180.4426
1948.8636	1184.3698
1949.7159	1188.2706
1950.5682	1175.4031
1951.4204	1167.0994
1952.2727	1184.9615
1953.125	1200.954
1953.9773	1192.1533
1954.8296	1191.0375
1955.6818	1205.9746
1956.5341	1204.0242
1957.3864	1182.1478
1958.2386	1175.2599
1959.0909	1180.8699
1959.9432	1176.6637
1960.7954	1167.5898
1961.6477	1159.778
1962.5	1155.6737
1963.3523	1161.2412
1964.2046	1162.474
1965.0568	1154.4232
1965.9091	1154.2616
1966.7614	1163.0747
1967.6136	1164.3394
1968.4659	1165.4083
1969.3182	1164.1478
1970.1704	1157.7278
1971.0227	1153.8254
1971.875	1150.8861
1972.7273	1150.3331
1973.5796	1153.5404
1974.4318	1156.5464
1975.2841	1155.2451
1976.1364	1163.9172
1976.9886	1169.312
1977.8409	1150.4415
1978.6932	1137.311
1979.5454	1143.4624
1980.3977	1148.0828
1981.25	1147.5476
1982.1023	1152.4717
1982.9546	1166.1174
1983.8068	1169.9567
1984.6591	1168.6177
1985.5114	1176.0267
1986.3636	1181.6475
1987.2159	1169.4935
1988.0682	1158.6038
1988.9204	1163.2386
1989.7727	1168.7306
1990.625	1170.0713
1991.4773	1172.4084
1992.3296	1173.4795
1993.1818	1170.2646
1994.0341	1162.2275
1994.8864	1162.2532
1995.7386	1171.3744
1996.5909	1174.4955
1997.4432	1174.4957
1998.2954	1177.0021
1999.1477	1179.3719
2000	1183.5068
