800	4557.0786
800.85229	4554.7446
801.70453	4547.8613
802.55682	4549.9482
803.40912	4552.4976
804.26135	4556.2954
805.11365	4557.5708
805.96588	4571.9839
806.81818	4583.8916
807.67047	4576.748
808.52271	4566.7061
809.375	4567.8545
810.22729	4576.9648
811.07953	4576.5415
811.93182	4564.3921
812.78412	4558.3853
813.63635	4568.4331
814.48865	4583.9312
815.34088	4608.9399
816.19318	4627.8696
817.04547	4633.9487
817.89771	4638.2085
818.75	4621.9653
819.60229	4597.1812
820.45453	4607.8052
821.30682	4632.5947
822.15912	4656.0298
823.01135	4675.6777
823.86365	4670.9409
824.71588	4651.0547
825.56818	4634.083
826.42047	4617.2358
827.27271	4618.2632
828.125	4651.4976
828.97729	4668.0356
829.82953	4639.1597
830.68182	4614.2397
831.53412	4646.2197
832.38635	4677.5923
833.23865	4673.687
834.09088	4670.4087
834.94318	4664.6401
835.79547	4655.9741
836.64771	4649.1021
837.5	4637.3711
838.35229	4627.1772
839.20453	4624.6001
840.05682	4627.7144
840.90912	4643.1821
841.76135	4656.4351
842.61365	4648.4648
843.46588	4637.4155
844.31818	4648.2949
845.17047	4660.0322
846.02271	4664.7935
846.875	4660.5723
847.72729	4640.9595
848.57953	4624.3066
849.43182	4627.2666
850.28412	4635.0083
851.13635	4644.6118
851.98865	4657.7617
852.84088	4664.2339
853.69318	4658.8359
854.54547	4652.4263
855.39771	4657.1357
856.25	4661.0024
857.10229	4653.7251
857.95453	4651.3081
858.80682	4677.7871
859.65912	4700.7988
860.51135	4687.4937
861.36365	4679.978
862.21588	4683.1758
863.06818	4688.5796
863.92047	4695.9941
864.77271	4697.6514
865.625	4690.6099
866.47729	4680.9746
867.32953	4683.1865
868.18182	4700.1128
869.03412	4713.5444
869.88635	4732.1177
870.73865	4752.5825
871.59088	4758.999
872.44318	4762.6523
873.29547	4773.9941
874.14771	4785.7642
875	4764.3823
875.85229	4738.9766
876.70453	4745.0674
877.55682	4763.9077
878.40912	4777.4009
879.26135	4781.6362
880.11365	4782.6484
880.96588	4783.355
881.81818	4778.5098
882.67047	4769.3164
883.52271	4765.2988
884.375	4765.5269
885.22729	4759.5742
886.07953	4750.9082
886.93182	4745.3701
887.78412	4766.4019
888.63635	4784.3037
889.48865	4789.8877
890.34088	4802.3672
891.19318	4814.1172
892.04547	4823.5562
892.89771	4817.5708
893.75	4800.1289
894.60229	4799.1582
895.45453	4808.5874
896.30682	4810.9985
897.15912	4813.5859
898.01135	4827.3662
898.86365	4857.5601
899.71588	4875.0527
900.56818	4854.7681
901.42047	4836.9746
902.27271	4813.5518
903.125	4785.1821
903.97729	4793.7427
904.82953	4812.6489
905.68182	4850.1436
906.53412	4882.0044
907.38635	4879.9707
908.23865	4870.2813
909.09088	4866.1377
909.94318	4869.4595
910.79547	4880.2539
911.64771	4885.2124
912.5	4884.5176
913.35229	4883.5728
914.20453	4881.1558
915.05682	4882.8193
915.90912	4882.1045
916.76135	4863.3267
917.61365	4844.8154
918.46588	4849.3535
919.31818	4852.6753
920.17047	4865.5591
921.02271	4884.0127
921.875	4915.4438
922.72729	4948.543
923.57953	4946.9502
924.43182	4927.0635
925.28412	4923.1729
926.13635	4933.3433
926.98865	4949.9014
927.84088	4973.1045
928.69318	4976.6748
929.54547	4948.2808
930.39771	4927.7363
931.25	4925.6069
932.10229	4924.5825
932.95453	4922.9229
933.80682	4917.7236
934.65912	4919.5698
935.51135	4925.0156
936.36365	4938.1313
937.21588	4950.9194
938.06818	4956.3901
938.92047	4950.6802
939.77271	4946.5981
940.625	4950.6289
941.47729	4947.6318
942.32953	4944.5649
943.18182	4945.4746
944.03412	4945.4736
944.88635	4947.4727
945.73865	4951.2646
946.59088	4953.769
947.44318	4948.792
948.29547	4942.9063
949.14771	4952.9414
950	4961.3701
950.85229	4950.4209
951.70453	4936.4194
952.55682	4960.3872
953.40912	4989.1016
954.26135	4998.5854
955.11365	5003.332
955.96588	5013.3828
956.81818	5024.0625
957.67047	5016.707
958.52271	4998.6528
959.375	5004.1221
960.22729	5039.2817
961.07953	5047.8096
961.93182	4997.9219
962.78412	4968.4717
963.63635	5010.2944
964.48865	5049.876
965.34088	5043.7158
966.19318	5032.0488
967.04547	5027.9883
967.89771	5027.9331
968.75	5052.7603
969.60229	5073.9326
970.45453	5075.9204
971.30682	5071.4043
972.15912	5055.9741
973.01135	5045.5029
973.86365	5030.9277
974.71588	5014.4951
975.56818	5024.8833
976.42047	5038.1704
977.27271	5041.2695
978.125	5056.4863
978.97729	5068.6626
979.82953	5066.0479
980.68182	5069.3066
981.53412	5087.6499
982.38635	5106.769
983.23865	5140.1807
984.09088	5167.4805
984.94318	5126.0698
985.79547	5079.9634
986.64771	5100.3276
987.5	5128.6924
988.35229	5138.4624
989.20453	5146.7915
990.05682	5136.6387
990.90912	5113.7515
991.76135	5111.8779
992.61365	5128.3345
993.46588	5153.8105
994.31818	5184.8027
995.17047	5201.9209
996.02271	5198.5796
996.875	5197.0894
997.72729	5198.7603
998.57953	5197.854
999.43182	5193.5586
1000.2841	5187.7393
1001.1364	5186.0801
1001.9886	5182.9219
1002.8409	5166.5117
1003.6932	5151.396
1004.5455	5170.9326
1005.3977	5186.9565
1006.25	5194.7666
1007.1023	5210.769
1007.9545	5192.4458
1008.8068	5162.8193
1009.6591	5170.397
1010.5114	5194.043
1011.3636	5218.502
1012.2159	5242.4033
1013.0682	5233.1685
1013.9205	5190.8809
1014.7727	5169.1807
1015.625	5184.2441
1016.4773	5198.2495
1017.3295	5210.9067
1018.1818	5222.939
1019.0341	5209.3047
1019.8864	5195.0024
1020.7386	5214.4648
1021.5909	5235.1406
1022.4432	5252.855
1023.2955	5266.7622
1024.1477	5269.6396
1025	5272.751
1025.8523	5258.2456
1026.7046	5241.7344
1027.5568	5235.4067
1028.4091	5233.502
1029.2614	5241.5469
1030.1136	5243.2212
1030.9659	5247.7305
1031.8182	5268.8086
1032.6704	5272.2783
1033.5227	5251.1982
1034.375	5239.5156
1035.2273	5247.4097
1036.0796	5253.3486
1036.9318	5243.0439
1037.7841	5235.1426
1038.6364	5248.3237
1039.4886	5262.8154
1040.3409	5272.6445
1041.1932	5280.6289
1042.0454	5271.6113
1042.8977	5261.8232
1043.75	5295.21
1044.6023	5333.1841
1045.4546	5310.9951
1046.3068	5276.4771
1047.1591	5264.25
1048.0114	5261.8501
1048.8636	5261.9736
1049.7159	5257.1738
1050.5682	5257.9072
1051.4204	5266.0649
1052.2727	5268.0845
1053.125	5264.4829
1053.9773	5271.8628
1054.8296	5293.4741
1055.6818	5306.1836
1056.5341	5302.8208
1057.3864	5299.9468
1058.2386	5296.1035
1059.0909	5300.6211
1059.9432	5320.3232
1060.7954	5331.4644
1061.6477	5331.7046
1062.5	5329.3394
1063.3523	5327.9521
1064.2046	5329.5464
1065.0568	5326.7822
1065.9091	5317.0596
1066.7614	5349.0483
1067.6136	5390.6455
1068.4659	5364.0122
1069.3182	5321.9253
1070.1704	5343.0591
1071.0227	5382.2651
1071.875	5391.9238
1072.7273	5394.5698
1073.5796	5394.2563
1074.4318	5388.7222
1075.2841	5401.6431
1076.1364	5422.1006
1076.9886	5414.2671
1077.8409	5390.9189
1078.6932	5393.6597
1079.5454	5417.7358
1080.3977	5433.0073
1081.25	5442.3994
1082.1023	5451.7515
1082.9546	5461.3857
1083.8068	5467.8174
1084.6591	5448.5444
1085.5114	5431.2017
1086.3636	5442.1128
1087.2159	5454.5313
1088.0682	5475.5703
1088.9204	5495.2637
1089.7727	5499.5039
1090.625	5501.9141
1091.4773	5511.8535
1092.3296	5523.4297
1093.1818	5524.606
1094.0341	5525.3301
1094.8864	5537.3965
1095.7386	5555.0034
1096.5909	5556.2124
1097.4432	5544.3916
1098.2954	5551.6025
1099.1477	5574.5254
1100	5583.1099
1100.8523	5571.2842
1101.7046	5563.769
1102.5568	5562.0801
1103.4091	5564.2861
1104.2614	5584.0835
1105.1136	5607.2183
1105.9659	5638.144
1106.8182	5666.7837
1107.6704	5673.3047
1108.5227	5675.2314
1109.375	5669.1143
1110.2273	5660.7095
1111.0796	5653.9375
1111.9318	5649.9111
1112.7841	5656.6392
1113.6364	5659.5874
1114.4886	5673.5195
1115.3409	5691.4048
1116.1932	5722.0703
1117.0454	5749.6279
1117.8977	5739.9146
1118.75	5722.2632
1119.6023	5723.5859
1120.4546	5734.4736
1121.3068	5738.1802
1122.1591	5740.3682
1123.0114	5743.2217
1123.8636	5747.5771
1124.7159	5773.7573
1125.5682	5810.54
1126.4204	5821.4341
1127.2727	5802.5562
1128.125	5789.5522
1128.9773	5790.0381
1129.8296	5785.2285
1130.6818	5780.4009
1131.5341	5789.644
1132.3864	5827.9038
1133.2386	5863.8608
1134.0909	5872.0957
1134.9432	5870.0903
1135.7954	5851.8818
1136.6477	5841.6836
1137.5	5884.0732
1138.3523	5924.8057
1139.2046	5908.6904
1140.0568	5883.7363
1140.9091	5869.6929
1141.7614	5867.0269
1142.6136	5882.2764
1143.4659	5888.5791
1144.3182	5888.998
1145.1704	5895.5396
1146.0227	5924.4487
1146.875	5958.1768
1147.7273	5977.0889
1148.5796	5986.7925
1149.4318	5977.9155
1150.2841	5960.1919
1151.1364	5961.8667
1151.9886	5981.0527
1152.8409	5998.4775
1153.6932	6011.3418
1154.5454	6017.6714
1155.3977	6014.2754
1156.25	6015.5093
1157.1023	6031.3086
1157.9546	6044.9531
1158.8068	6051.9961
1159.6591	6049.3906
1160.5114	6017.79
1161.3636	6008.1064
1162.2159	6061.5688
1163.0682	6102.7886
1163.9204	6107.6489
1164.7727	6110.2915
1165.625	6090.1743
1166.4773	6069.3135
1167.3296	6073.728
1168.1818	6085.4673
1169.0341	6151.1479
1169.8864	6213.7593
1170.7386	6201.7422
1171.5909	6186.6475
1172.4432	6169.6128
1173.2954	6150.6313
1174.1477	6154.1416
1175	6162.6567
1175.8523	6172.8315
1176.7046	6180.8696
1177.5568	6189.9609
1178.4091	6205.2935
1179.2614	6236.4507
1180.1136	6271.5298
1180.9659	6278.5132
1181.8182	6266.083
1182.6704	6244.189
1183.5227	6221.2729
1184.375	6219.938
1185.2273	6235.0454
1186.0796	6248.0034
1186.9318	6259.209
1187.7841	6273.0977
1188.6364	6289.686
1189.4886	6299.4854
1190.3409	6298.2666
1191.1932	6296.166
1192.0454	6281.2798
1192.8977	6283.9287
1193.75	6360.9697
1194.6023	6422.1323
1195.4546	6397.4971
1196.3068	6375.1265
1197.1591	6371.2178
1198.0114	6368.9819
1198.8636	6363.437
1199.7159	6353.9492
1200.5682	6371.4644
1201.4204	6395.583
1202.2727	6415.2715
1203.125	6429.3013
1203.9773	6426.8955
1204.8296	6425.2017
1205.6818	6443.0728
1206.5341	6459.2036
1207.3864	6464.3672
1208.2386	6471.2134
1209.0909	6479.7871
1209.9432	6484.6768
1210.7954	6504.4131
1211.6477	6533.48
1212.5	6560.8657
1213.3523	6582.145
1214.2046	6583.0474
1215.0568	6582.7856
1215.9091	6596.3481
1216.7614	6611.9971
1217.6136	6611.0454
1218.4659	6593.6929
1219.3182	6591.0957
1220.1704	6605.2788
1221.0227	6637.1343
1221.875	6694.4258
1222.7273	6731.2319
1223.5796	6735.1455
1224.4318	6740.1948
1225.2841	6743.624
1226.1364	6734.2261
1226.9886	6710.7188
1227.8409	6706.1953
1228.6932	6743.6665
1229.5454	6773.3467
1230.3977	6767.2202
1231.25	6768.0586
1232.1023	6819.9736
1232.9546	6874.9116
1233.8068	6914.3491
1234.6591	6946.6836
1235.5114	6933.9321
1236.3636	6922.4385
1237.2159	6932.5903
1238.0682	6935.2993
1238.9204	6911.1655
1239.7727	6896.9971
1240.625	6933.7129
1241.4773	6966.167
1242.3296	6971.6904
1243.1818	6977.5879
1244.0341	6991.7642
1244.8864	7007.1709
1245.7386	6987.2524
1246.5909	6960.25
1247.4432	6981.7378
1248.2954	7010.2114
1249.1477	7039.1187
1250	7070.7842
1250.8523	7051.4009
1251.7046	7025.1191
1252.5568	7042.7681
1253.4091	7063.894
1254.2614	7103.5264
1255.1136	7150.9131
1255.9659	7146.8291
1256.8182	7120.7783
1257.6704	7120.9912
1258.5227	7136.231
1259.375	7153.2305
1260.2273	7178.271
1261.0796	7193.9814
1261.9318	7193.2349
1262.7841	7209.187
1263.6364	7236.4858
1264.4886	7244.6797
1265.3409	7239.2676
1266.1932	7237.3164
1267.0454	7239.7764
1267.8977	7248.9326
1268.75	7273.0239
1269.6023	7280.7441
1270.4546	7264.2739
1271.3068	7265.0039
1272.1591	7278.2974
1273.0114	7287.1641
1273.8636	7301.1992
1274.7159	7321.9746
1275.5682	7356.9458
1276.4204	7377.334
1277.2727	7342.8926
1278.125	7310.5908
1278.9773	7307.3965
1279.8296	7316.9063
1280.6818	7367.9155
1281.5341	7403.5317
1282.3864	7365.3291
1283.2386	7336.5176
1284.0909	7352.2939
1284.9432	7365.9546
1285.7954	7374.3379
1286.6477	7379.6519
1287.5	7379.8979
1288.3523	7383.4951
1289.2046	7412.5059
1290.0568	7434.8589
1290.9091	7386.7754
1291.7614	7344.1841
1292.6136	7368.5303
1293.4659	7391.0439
1294.3182	7381.8843
1295.1704	7377.1958
1296.0227	7431.4302
1296.875	7485.5894
1297.7273	7476.71
1298.5796	7461.4888
1299.4318	7458.9854
1300.2841	7461.4961
1301.1364	7475.7754
1301.9886	7488.8857
1302.8409	7505.3379
1303.6932	7522.8774
1304.5454	7537.6016
1305.3977	7552.9199
1306.25	7553.4785
1307.1023	7548.2886
1307.9546	7564.9565
1308.8068	7587.9429
1309.6591	7584.853
1310.5114	7577.9307
1311.3636	7610.4053
1312.2159	7646.0127
1313.0682	7621.5874
1313.9204	7589.9336
1314.7727	7596.606
1315.625	7611.6953
1316.4773	7640.5674
1317.3296	7669.0176
1318.1818	7670.8457
1319.0341	7667.3809
1319.8864	7679.9199
1320.7386	7699.4727
1321.5909	7712.5
1322.4432	7720.1743
1323.2954	7728.2119
1324.1477	7738.8594
1325	7744.5039
1325.8523	7746.4854
1326.7046	7754.8047
1327.5568	7765.7026
1328.4091	7788.3623
1329.2614	7827.0107
1330.1136	7870.4927
1330.9659	7899.978
1331.8182	7875.7896
1332.6704	7819.7817
1333.5227	7835.9336
1334.375	7914.0161
1335.2273	7946.5171
1336.0796	7931.8901
1336.9318	7922.4614
1337.7841	7929.1563
1338.6364	7941.9087
1339.4886	7956.541
1340.3409	7987.3789
1341.1932	8032.812
1342.0454	8035.4346
1342.8977	7981.8408
1343.75	7964.019
1344.6023	8007.7344
1345.4546	8025.2007
1346.3068	8002.6138
1347.1591	8015.9844
1348.0114	8069.1074
1348.8636	8085.6406
1349.7159	8054.105
1350.5682	8048.4131
1351.4204	8084.6704
1352.2727	8105.1382
1353.125	8091.7266
1353.9773	8067.0845
1354.8296	8053.6675
1355.6818	8067.2129
1356.5341	8101.7603
1357.3864	8127.1406
1358.2386	8126.6421
1359.0909	8117.4351
1359.9432	8106.7461
1360.7954	8103.7256
1361.6477	8114.666
1362.5	8125.8374
1363.3523	8129.083
1364.2046	8126.2422
1365.0568	8123.2676
1365.9091	8127.0303
1366.7614	8131.5083
1367.6136	8132.2388
1368.4659	8132.4883
1369.3182	8122.2358
1370.1704	8081.6436
1371.0227	8065.5054
1371.875	8121.5356
1372.7273	8151.459
1373.5796	8123.3257
1374.4318	8109.5068
1375.2841	8100.543
1376.1364	8087.6841
1376.9886	8075.9775
1377.8409	8064.0845
1378.6932	8072.8257
1379.5454	8078.4175
1380.3977	8054.7476
1381.25	8040.5537
1382.1023	8052.0161
1382.9546	8056.7393
1383.8068	8041.7803
1384.6591	8028.498
1385.5114	8019.7607
1386.3636	8002.7813
1387.2159	7992.0601
1388.0682	8000.9556
1388.9204	8036.6631
1389.7727	8056.8418
1390.625	8033.6328
1391.4773	8011.2349
1392.3296	8003.7515
1393.1818	7990.9648
1394.0341	7934.7905
1394.8864	7878.542
1395.7386	7849.5967
1396.5909	7837.6582
1397.4432	7872.855
1398.2954	7900.1108
1399.1477	7906.6035
1400	7908.2505
1400.8523	7889.7705
1401.7046	7869.7368
1402.5568	7830.5244
1403.4091	7803.3428
1404.2614	7820.6001
1405.1136	7833.0264
1405.9659	7829.2773
1406.8182	7828.7085
1407.6704	7869.708
1408.5227	7892.3828
1409.375	7820.3721
1410.2273	7769.4888
1411.0796	7782.7388
1411.9318	7782.8779
1412.7841	7782.8779
1413.6364	7787.2637
1414.4886	7740.9951
1415.3409	7692.9834
1416.1932	7707.7583
1417.0454	7718.6606
1417.8977	7685.8843
1418.75	7664.2041
1419.6023	7667.4766
1420.4546	7668.2944
1421.3068	7675.5547
1422.1591	7685.1055
1423.0114	7695.6357
1423.8636	7694.9492
1424.7159	7664.8989
1425.5682	7638.604
1426.4204	7619.3091
1427.2727	7614.7017
1428.125	7646.5024
1428.9773	7657.6802
1429.8296	7628.0781
1430.6818	7603.7993
1431.5341	7597.2983
1432.3864	7596.7295
1433.2386	7592.4785
1434.0909	7587.9712
1434.9432	7595.7471
1435.7954	7597.9326
1436.6477	7575.6069
1437.5	7562.1162
1438.3523	7586.2056
1439.2046	7604.6602
1440.0568	7611.9424
1440.9091	7613.585
1441.7614	7569.436
1442.6136	7522.27
1443.4659	7485.8491
1444.3182	7469.8291
1445.1704	7503.7065
1446.0227	7529.5063
1446.875	7527.748
1447.7273	7513.269
1448.5796	7493.3989
1449.4318	7486.437
1450.2841	7500.2622
1451.1364	7504.6045
1451.9886	7474.6841
1452.8409	7462.1758
1453.6932	7474.9834
1454.5454	7471.5161
1455.3977	7451.1426
1456.25	7421.6382
1457.1023	7382.1489
1457.9546	7376.2451
1458.8068	7428.0405
1459.6591	7449.6377
1460.5114	7413.6489
1461.3636	7387.731
1462.2159	7390.481
1463.0682	7399.3984
1463.9204	7397.3618
1464.7727	7398.2681
1465.625	7411.6143
1466.4773	7405.6289
1467.3296	7379.1865
1468.1818	7367.6045
1469.0341	7377.9385
1469.8864	7386.0684
1470.7386	7382.541
1471.5909	7370.8467
1472.4432	7356.9824
1473.2954	7348.0522
1474.1477	7342.2642
1475	7347.5264
1475.8523	7357.8604
1476.7046	7376.4414
1477.5568	7417.0342
1478.4091	7406.4858
1479.2614	7333.146
1480.1136	7308.0801
1480.9659	7328.9927
1481.8182	7341.5103
1482.6704	7350.8442
1483.5227	7380.877
1484.375	7422.2593
1485.2273	7414.5034
1486.0796	7377.1631
1486.9318	7375.6362
1487.7841	7393.5391
1488.6364	7408.6709
1489.4886	7423.8188
1490.3409	7422.1445
1491.1932	7410.5278
1492.0454	7407.5903
1492.8977	7412.8818
1493.75	7435.1147
1494.6023	7458.5771
1495.4546	7456.7607
1496.3068	7451.4551
1497.1591	7443.5986
1498.0114	7430.4575
1498.8636	7419.6079
1499.7159	7410.2559
1500.5682	7438.001
1501.4204	7482.2407
1502.2727	7510.0166
1503.125	7518.6465
1503.9773	7519.2915
1504.8296	7532.7075
1505.6818	7554.1089
1506.5341	7571.814
1507.3864	7557.3535
1508.2386	7540.4028
1509.0909	7547.9937
1509.9432	7552.5483
1510.7954	7584.3872
1511.6477	7618.604
1512.5	7613.6831
1513.3523	7612.2075
1514.2046	7585.2451
1515.0568	7552.2891
1515.9091	7565.686
1516.7614	7589.3516
1517.6136	7611.6353
1518.4659	7625.8843
1519.3182	7645.147
1520.1704	7661.4209
1521.0227	7634.2334
1521.875	7611.0225
1522.7273	7642.9927
1523.5796	7680.8301
1524.4318	7716.3486
1525.2841	7743.3101
1526.1364	7743.7075
1526.9886	7737.7983
1527.8409	7716.7529
1528.6932	7707.6943
1529.5454	7726.2085
1530.3977	7744.0073
1531.25	7760.748
1532.1023	7785.0049
1532.9546	7824.0757
1533.8068	7842.9771
1534.6591	7824.4541
1535.5114	7830.8521
1536.3636	7891.5137
1537.2159	7934.0835
1538.0682	7937.8916
1538.9204	7941.5825
1539.7727	7945.8994
1540.625	7963.5938
1541.4773	8003.2095
1542.3296	8019.7041
1543.1818	8005.9897
1544.0341	8020.6392
1544.8864	8060.7773
1545.7386	8100.8184
1546.5909	8148.0762
1547.4432	8161.7534
1548.2954	8146.7588
1549.1477	8158.334
1550	8190.3613
1550.8523	8228.0557
1551.7046	8268.7324
1552.5568	8319.5059
1553.4091	8368.3281
1554.2614	8371.5889
1555.1136	8360.6533
1555.9659	8381.4502
1556.8182	8410.957
1557.6704	8445.5781
1558.5227	8488.5898
1559.375	8522.8379
1560.2273	8548.2891
1561.0796	8583.2686
1561.9318	8625.0078
1562.7841	8663.8516
1563.6364	8698.7256
1564.4886	8727.5947
1565.3409	8762.2236
1566.1932	8816.459
1567.0454	8863.5576
1567.8977	8916.0068
1568.75	8969.7695
1569.6023	8972.6953
1570.4546	8974.4043
1571.3068	9003.1436
1572.1591	9031.3545
1573.0114	9095.5371
1573.8636	9153.7314
1574.7159	9182.7588
1575.5682	9212.541
1576.4204	9185.3486
1577.2727	9161.041
1578.125	9179.6553
1578.9773	9207.1318
1579.8296	9280.873
1580.6818	9356.7803
1581.5341	9403.71
1582.3864	9435.249
1583.2386	9463.0586
1584.0909	9493.9053
1584.9432	9520.7002
1585.7954	9528.2725
1586.6477	9496.3711
1587.5	9493.6436
1588.3523	9538.624
1589.2046	9583.7227
1590.0568	9631.4678
1590.9091	9634.9482
1591.7614	9583.873
1592.6136	9613.1934
1593.4659	9715.1006
1594.3182	9734.6631
1595.1704	9700.3896
1596.0227	9702.1758
1596.875	9720.8281
1597.7273	9700.5811
1598.5796	9665.5674
1599.4318	9692.248
1600.2841	9733.4541
1601.1364	9693.5479
1601.9886	9631.3848
1602.8409	9650.8486
1603.6932	9695.8545
1604.5454	9684.6904
1605.3977	9656.8105
1606.25	9611.417
1607.1023	9581.0225
1607.9546	9581.709
1608.8068	9562.8867
1609.6591	9513.9561
1610.5114	9468.9268
1611.3636	9461.5908
1612.2159	9455.4707
1613.0682	9400.418
1613.9204	9335.9609
1614.7727	9268.0166
1615.625	9202.8486
1616.4773	9141.3535
1617.3296	9077.6396
1618.1818	9025.9033
1619.0341	8984.623
1619.8864	8936.917
1620.7386	8883.9336
1621.5909	8854.2119
1622.4432	8807.6465
1623.2954	8702.2695
1624.1477	8604.3594
1625	8541.2959
1625.8523	8501.5303
1626.7046	8470.7656
1627.5568	8434.7734
1628.4091	8398.0615
1629.2614	8339.376
1630.1136	8266.542
1630.9659	8212.4063
1631.8182	8169.2603
1632.6704	8100.2329
1633.5227	8021.7251
1634.375	7973.6968
1635.2273	7935.1777
1636.0796	7951.2749
1636.9318	7978.7344
1637.7841	7942.9658
1638.6364	7899.0366
1639.4886	7859.6689
1640.3409	7819.2485
1641.1932	7787.4116
1642.0454	7759.1313
1642.8977	7747.8481
1643.75	7724.0078
1644.6023	7643.8711
1645.4546	7581.4614
1646.3068	7600.7529
1647.1591	7614.7339
1648.0114	7616.0186
1648.8636	7600.2993
1649.7159	7538.8608
1650.5682	7493.8071
1651.4204	7453.9111
1652.2727	7427.6289
1653.125	7456.1724
1653.9773	7472.9072
1654.8296	7464.1538
1655.6818	7452.7852
1656.5341	7437.3501
1657.3864	7433.2622
1658.2386	7444.5957
1659.0909	7441.2056
1659.9432	7425.7495
1660.7954	7417.2642
1661.6477	7412.374
1662.5	7394.353
1663.3523	7369.0952
1664.2046	7379.1152
1665.0568	7400.4854
1665.9091	7406.1001
1666.7614	7407.9053
1667.6136	7401.8892
1668.4659	7397.9111
1669.3182	7412.1836
1670.1704	7417.813
1671.0227	7376.8477
1671.875	7337.2593
1672.7273	7345.2227
1673.5796	7352.3247
1674.4318	7313.5093
1675.2841	7288.4634
1676.1364	7334.4072
1676.9886	7370.5327
1677.8409	7372.6011
1678.6932	7365.4277
1679.5454	7334.4595
1680.3977	7325.4199
1681.25	7370.0972
1682.1023	7401.9063
1682.9546	7403.2061
1683.8068	7394.6929
1684.6591	7376.3564
1685.5114	7384.4116
1686.3636	7418.002
1687.2159	7411.5771
1688.0682	7374.103
1688.9204	7360.1543
1689.7727	7361.1875
1690.625	7354.9673
1691.4773	7349.7974
1692.3296	7362.377
1693.1818	7379.7021
1694.0341	7434.3071
1694.8864	7490.0078
1695.7386	7452.2876
1696.5909	7409.2861
1697.4432	7397.293
1698.2954	7385.1807
1699.1477	7389.8574
1700	7406.0151
1700.8523	7428.478
1701.7046	7440.2925
1702.5568	7464.8599
1703.4091	7480.877
1704.2614	7482.9771
1705.1136	7480.54
1705.9659	7443.7651
1706.8182	7427.8569
1707.6704	7440.0308
1708.5227	7434.6206
1709.375	7419.0757
1710.2273	7412.6602
1711.0796	7424.8403
1711.9318	7435.8613
1712.7841	7429.6626
1713.6364	7448.6665
1714.4886	7481.0317
1715.3409	7433.4063
1716.1932	7366.7734
1717.0454	7410.123
1717.8977	7475.2095
1718.75	7464.5024
1719.6023	7434.0889
1720.4546	7402.3223
1721.3068	7385.5884
1722.1591	7403.2954
1723.0114	7413.165
1723.8636	7455.5522
1724.7159	7486.3745
1725.5682	7420.7578
1726.4204	7383.4351
1727.2727	7441.3257
1728.125	7474.002
1728.9773	7475.8525
1729.8296	7480.0298
1730.6818	7463.6689
1731.5341	7466.7285
1732.3864	7501.2749
1733.2386	7513.7471
1734.0909	7505.4336
1734.9432	7480.0073
1735.7954	7441.8145
1736.6477	7431.3076
1737.5	7440.1455
1738.3523	7487.127
1739.2046	7535.4766
1740.0568	7529.3364
1740.9091	7516.606
1741.7614	7536.2573
1742.6136	7552.2539
1743.4659	7528.2402
1744.3182	7517.0796
1745.1704	7508.832
1746.0227	7488.0854
1746.875	7464.1484
1747.7273	7454.9224
1748.5796	7481.9844
1749.4318	7489.7827
1750.2841	7463.2349
1751.1364	7471.4668
1751.9886	7518.0635
1752.8409	7537.9775
1753.6932	7535.3726
1754.5454	7535.8486
1755.3977	7542.0972
1756.25	7555.0073
1757.1023	7569.854
1757.9546	7569.8213
1758.8068	7563.8252
1759.6591	7580.7588
1760.5114	7599.5127
1761.3636	7616.2046
1762.2159	7634.1621
1763.0682	7550.4795
1763.9204	7481.7148
1764.7727	7526.3823
1765.625	7556.2891
1766.4773	7558.4272
1767.3296	7556.7505
1768.1818	7555.187
1769.0341	7553.5776
1769.8864	7537.4038
1770.7386	7529.9644
1771.5909	7544.3135
1772.4432	7569.1411
1773.2954	7603.0898
1774.1477	7599.4736
1775	7562.6494
1775.8523	7570.4722
1776.7046	7606.7563
1777.5568	7606.4482
1778.4091	7591.5645
1779.2614	7608.6313
1780.1136	7633.6992
1780.9659	7587.0522
1781.8182	7536.1597
1782.6704	7563.9106
1783.5227	7593.291
1784.375	7592.6001
1785.2273	7583.5928
1786.0796	7567.3916
1786.9318	7566.7158
1787.7841	7603.8315
1788.6364	7618.2935
1789.4886	7606.7578
1790.3409	7600.604
1791.1932	7593.5479
1792.0454	7592.167
1792.8977	7585.6279
1793.75	7552.9727
1794.6023	7515.8281
1795.4546	7560.374
1796.3068	7635.2637
1797.1591	7580.5859
1798.0114	7492.6455
1798.8636	7500.814
1799.7159	7519.334
1800.5682	7590.9033
1801.4204	7652.2793
1802.2727	7593.8823
1803.125	7539.3628
1803.9773	7533.376
1804.8296	7537.5488
1805.6818	7546.9775
1806.5341	7548.1494
1807.3864	7556.2793
1808.2386	7577.8745
1809.0909	7606.1729
1809.9432	7605.1631
1810.7954	7584.4614
1811.6477	7571.5879
1812.5	7549.543
1813.3523	7553.124
1814.2046	7579.8643
1815.0568	7575.3872
1815.9091	7560.9668
1816.7614	7585.1318
1817.6136	7606.8076
1818.4659	7585.813
1819.3182	7572.6636
1820.1704	7593.7456
1821.0227	7610.3193
1821.875	7608.7402
1822.7273	7598.5137
1823.5796	7571.7451
1824.4318	7557.1982
1825.2841	7563.2427
1826.1364	7586.3472
1826.9886	7618.1152
1827.8409	7601.1304
1828.6932	7558.0142
1829.5454	7566.6338
1830.3977	7588.4023
1831.25	7568.604
1832.1023	7548.6396
1832.9546	7553.1069
1833.8068	7559.2007
1834.6591	7605.291
1835.5114	7640.6582
1836.3636	7604.6367
1837.2159	7571.9229
1838.0682	7554.3369
1838.9204	7550.145
1839.7727	7591.209
1840.625	7626.8564
1841.4773	7665.2505
1842.3296	7673.8262
1843.1818	7630.1128
1844.0341	7616.3677
1844.8864	7633.9932
1845.7386	7638.1685
1846.5909	7633.1626
1847.4432	7641.6626
1848.2954	7652.7148
1849.1477	7650.8931
1850	7648.6938
1850.8523	7639.668
1851.7046	7624.3247
1852.5568	7626.3511
1853.4091	7630.769
1854.2614	7641.0781
1855.1136	7640.2871
1855.9659	7615.5259
1856.8182	7609.498
1857.6704	7626.6426
1858.5227	7610.5313
1859.375	7563.3608
1860.2273	7582.4429
1861.0796	7641.5449
1861.9318	7651.4668
1862.7841	7651.9653
1863.6364	7667.4058
1864.4886	7678.2124
1865.3409	7668.2319
1866.1932	7653.1421
1867.0454	7654.4009
1867.8977	7656.3608
1868.75	7674.4668
1869.6023	7685.9854
1870.4546	7641.8706
1871.3068	7625.8525
1872.1591	7667.8135
1873.0114	7681.2397
1873.8636	7665.1201
1874.7159	7672.5166
1875.5682	7706.084
1876.4204	7721.4839
1877.2727	7706.4336
1878.125	7729.7705
1878.9773	7781.062
1879.8296	7740.3359
1880.6818	7683.313
1881.5341	7704.5664
1882.3864	7724.7959
1883.2386	7759.9082
1884.0909	7782.6343
1884.9432	7751.9424
1885.7954	7734.3599
1886.6477	7759.5024
1887.5	7785.8198
1888.3523	7799.832
1889.2046	7793.2324
1890.0568	7768.0815
1890.9091	7765.9551
1891.7614	7776.2813
1892.6136	7793.501
1893.4659	7820.7793
1894.3182	7794.561
1895.1704	7753.2671
1896.0227	7790.8379
1896.875	7828.4824
1897.7273	7786.4146
1898.5796	7749.3774
1899.4318	7778.5313
1900.2841	7807.6943
1901.1364	7833.6719
1901.9886	7828.2134
1902.8409	7768.0664
1903.6932	7763.2539
1904.5454	7826.5972
1905.3977	7828.9766
1906.25	7787.3369
1907.1023	7806.9146
1907.9546	7847.5024
1908.8068	7830.2285
1909.6591	7807.5
1910.5114	7807.2104
1911.3636	7800.249
1912.2159	7832.1465
1913.0682	7859.8008
1913.9204	7831.9526
1914.7727	7810.2686
1915.625	7832.0576
1916.4773	7840.0742
1917.3296	7805.2871
1918.1818	7790.4932
1919.0341	7802.9771
1919.8864	7817.6177
1920.7386	7825.5879
1921.5909	7829.6006
1922.4432	7842.8877
1923.2954	7818.5991
1924.1477	7786.7671
1925	7840.8691
1925.8523	7881.6479
1926.7046	7838.2661
1927.5568	7797.1108
1928.4091	7784.0811
1929.2614	7782.5293
1930.1136	7775.3472
1930.9659	7752.8594
1931.8182	7728.123
1932.6704	7710.5513
1933.5227	7694.3218
1934.375	7710.3394
1935.2273	7733.4902
1936.0796	7751.6606
1936.9318	7772.2822
1937.7841	7798.1196
1938.6364	7819.3555
1939.4886	7761.6875
1940.3409	7714.4541
1941.1932	7731.7627
1942.0454	7746.6304
1942.8977	7757.8164
1943.75	7769.6519
1944.6023	7782.1729
1945.4546	7782.5259
1946.3068	7763.606
1947.1591	7732.1343
1948.0114	7696.6919
1948.8636	7712.6431
1949.7159	7749.3569
1950.5682	7739.981
1951.4204	7714.9756
1952.2727	7688.6289
1953.125	7673.1689
1953.9773	7696.6372
1954.8296	7724.4434
1955.6818	7742.8496
1956.5341	7729.1235
1957.3864	7695.7749
1958.2386	7690.7227
1959.0909	7687.5146
1959.9432	7677.791
1960.7954	7675.6553
1961.6477	7679.2178
1962.5	7683.7705
1963.3523	7657.1636
1964.2046	7632.3091
1965.0568	7614.2319
1965.9091	7600.3496
1966.7614	7620.9141
1967.6136	7645.1553
1968.4659	7670.2632
1969.3182	7662.8682
1970.1704	7641.2002
1971.0227	7659.5762
1971.875	7685.7637
1972.7273	7697.6982
1973.5796	7709.7246
1974.4318	7686.6289
1975.2841	7652.5479
1976.1364	7634.167
1976.9886	7618.6865
1977.8409	7628.0059
1978.6932	7632.5913
1979.5454	7611.9971
1980.3977	7616.7617
1981.25	7675.6147
1982.1023	7699.3989
1982.9546	7676.9233
1983.8068	7674.437
1984.6591	7689.9761
1985.5114	7699.8115
1986.3636	7705.165
1987.2159	7696.4751
1988.0682	7681.0508
1988.9204	7669.6904
1989.7727	7669.52
1990.625	7687.4839
1991.4773	7704.8062
1992.3296	7727.3062
1993.1818	7727.418
1994.0341	7696.3423
1994.8864	7683.6265
1995.7386	7680.1401
1996.5909	7664.0806
1997.4432	7657.9189
1998.2954	7694.3843
1999.1477	7715.7759
2000	7698.8892
